0 0.5323759241471336 0.5046875 0.15729168874473984 0.1640625
0 0.4185515263240518 0.453125 0.1674107332097771 0.140625
0 0.4071105401190499 0.55703125 0.1715525961864685 0.125
0 0.5569914890305908 0.5828125 0.14013890507947585 0.1203125
0 0.3032687775051782 0.5328125 0.14535219473518968 0.090625
0 0.20311501008198302 0.51484375 0.07578373920022682 0.0671875
0 0.25704110744957787 0.46953125 0.16599207694917478 0.1
0 0.31271075409153326 0.44140625 0.11092263103285874 0.0890625
0 0.2634126477382638 0.3765625 0.12714783175849823 0.10625
0 0.20465520663127118 0.38125 0.15828870435383652 0.103125
0 0.4165277240544663 0.39921875 0.16075893992586626 0.084375
0 0.2633332913849943 0.31171875 0.11415675843752053 0.0921875
0 0.34936007142206116 0.35390625 0.11886410580511537 0.1375
0 0.4933878352170593 0.4578125 0.06295635698624161 0.0578125
0 0.5298263322218343 0.42109375 0.09696925843752062 0.0921875
0 0.4629860618034144 0.36640625 0.11141370435383635 0.103125
0 0.5923610485565703 0.46484375 0.09913195916315978 0.109375
0 0.6312424992822099 0.44765625 0.12860120435383635 0.103125
0 0.7004116176163788 0.659375 0.11081350362819702 0.0859375
0 0.6494393946582209 0.66484375 0.08672123920022692 0.0671875
0 0.4647295779606651 0.6296875 0.07998016587924912 0.053125
0 0.5718873135326948 0.6484375 0.0801438569862416 0.0578125
0 0.621398729411944 0.5953125 0.08285219473518968 0.090625
0 0.7575693863055184 0.43203125 0.15411212504240906 0.1625
0 0.7956472504633361 0.52734375 0.20879962504240906 0.1625
0 0.6261036206964217 0.37109375 0.20950895317271012 0.1828125
0 0.38232139356191247 0.26015625 0.11842759618646843 0.125
0 0.47105651134792736 0.26953125 0.10974207694917482 0.1
0 0.4351983677011969 0.334375 0.10003969473518955 0.090625
0 0.5077082847615724 0.3609375 0.05498016587924912 0.053125
0 0.5268873598966486 0.30390625 0.10985120435383652 0.103125
0 0.5298685161572508 0.26328125 0.040262901451278844 0.034375
0 0.4808779446503717 0.234375 0.07033234736759475 0.0453125
0 0.4829860816736802 0.21875 0.06871528366526398 0.04375
0 0.5104216009109739 0.19375 0.054816474772256464 0.0484375
0 0.4488690312181932 0.121875 0.11719247840045352 0.134375
0 0.3617509771345092 0.1109375 0.10861608656782158 0.1125
0 0.3338491772271765 0.21640625 0.08274306733052797 0.0875
0 0.31968003902274156 0.15234375 0.13981152286549073 0.1109375
0 0.2998263520921002 0.2734375 0.13953870435383653 0.103125
0 0.30024550354337903 0.2390625 0.1063244110699257 0.046875
0 0.2740401568087564 0.16171875 0.08817461179556503 0.0640625
0 0.27263391343217835 0.1125 0.08628472958157998 0.0546875
0 0.4110267800370669 0.0421875 0.10294643992586625 0.084375
0 0.46866566524627695 0.06953125 0.10678076805616729 0.1046875
0 0.4823387848463903 0.0359375 0.07572917549789597 0.065625
0 0.3403149759533829 0.03125 0.11937004809323426 0.0625
0 0.3221354056276301 0.08203125 0.07520338584218215 0.0953125
0 0.2888963196927806 0.071875 0.06457342068857255 0.059375
0 0.4647643605296207 0.18125 0.08118056733052796 0.0875
0 0.27404759129232703 0.20625 0.09760417549789598 0.065625
0 0.20974698911540876 0.2578125 0.11152283175849823 0.10625
0 0.194119499915182 0.325 0.07383929328391084 0.05625
0 0.14592753657567084 0.31796875 0.0692063569862417 0.0578125
0 0.16447912913394222 0.27890625 0.09253472958157993 0.0546875
0 0.06292036293428244 0.428125 0.12584072586856487 0.14375
0 0.045558003543379064 0.55390625 0.09111600708675813 0.1515625
0 0.08821669637965215 0.51640625 0.09793155771188107 0.075
0 0.135736537123825 0.5203125 0.1154117235911302 0.128125
0 0.04585189746418666 0.59140625 0.09170379492837331 0.08125
0 0.05242307323615969 0.3109375 0.08748513103285878 0.0890625
0 0.05191713094804077 0.2359375 0.05105655771188109 0.075
0 0.08176334365457974 0.365625 0.10634425843752049 0.0921875
0 0.033735071422061155 0.35390625 0.06646330290255766 0.06875
0 0.016934495738830747 0.49453125 0.033868991477661495 0.1546875
0 0.15140123185901463 0.4296875 0.13766866950744613 0.1390625
0 0.7584795448435553 0.87578125 0.10245536660488845 0.0703125
0 0.8473138663504345 0.9046875 0.11555556733052796 0.0875
0 0.7305380833181427 0.82578125 0.07098711179556502 0.0640625
0 0.8001958188901724 0.84453125 0.10218254809323427 0.0625
0 0.8844790496528787 0.86953125 0.06043155771188111 0.075
0 0.7813838207042709 0.8015625 0.07696429328391083 0.05625
0 0.854630347746113 0.80703125 0.0842510036281972 0.0859375
0 0.7990450358578807 0.765625 0.08968254809323425 0.0625
0 0.887162594750888 0.7703125 0.09615080290255769 0.06875
0 0.8808555418483305 0.8390625 0.07912699400955034 0.0734375
0 0.8944493050951744 0.740625 0.05626984736759475 0.0453125
0 0.8584275034585611 0.5640625 0.18810517912609298 0.1515625
0 0.8523560635326948 0.6484375 0.2281845421027846 0.1359375
0 0.9054066524627693 0.6953125 0.08940972958157971 0.0546875
0 0.9677851452911931 0.5421875 0.028854175497895797 0.065625
0 0.9440549794119439 0.5953125 0.06301092068857236 0.059375
0 0.9205579373091595 0.73125 0.052891876223535306 0.0828125
0 0.8409348915781779 0.953125 0.10796132213985139 0.09375