0 0.5761557945498552 0.24875913810376962 0.04667659255827132 0.04329260357732236
0 0.6329787134243292 0.259914225042266 0.043333337748947896 0.036750872296127654
0 0.27476196405730136 0.41641130366084467 0.07680060217691817 0.05856405074867137
0 0.21833091478294078 0.43892289954264696 0.06753472958157991 0.0608138569050876
0 0.1810764514434296 0.4494549249169825 0.054980165879249074 0.058084431780308775
0 0.13729916959226418 0.45275791285370753 0.07065972958157993 0.06110558818628213
0 0.08916176995508389 0.4658734977122245 0.07200397477225651 0.0550014538268794
0 0.0591022477225653 0.48043662770387224 0.08666667549789595 0.07350174459225549
0 0.023209387741098753 0.46262485461731206 0.01586310217691824 0.052875290765375914
0 0.040143916597039295 0.4986661982113388 0.04689484736759482 0.04954260357732245
0 0.05423120924797792 0.43072835898506695 0.07518353847458739 0.05685568510807411
0 0.026041721861849654 0.40906225769552007 0.025238102176918242 0.053750484608959856
0 0.0659301118803831 0.3841760010399897 0.08773810217691824 0.059585110232852664
0 0.10200402113621024 0.38472734130625136 0.0881746117955651 0.07208511023285258
0 0.10039439191745 0.33863359130625137 0.07523810217691826 0.0584181851080741
0 0.12605164554564707 0.42245603951759014 0.0786904843909034 0.06808491638926877
0 0.17155262930357823 0.35628838747937186 0.0641369110699257 0.0527096256238929
0 0.2186731659640671 0.35894366826145224 0.046949411069925694 0.05110510357732227
0 0.23870541296884223 0.39391203057428437 0.05330853847458741 0.05481356613971169
0 0.1804836852013608 0.38759030927638527 0.08504961179556511 0.07179337895165805
0 0.1798760499921508 0.41507992491698253 0.04311508293962456 0.030500872296127614
0 0.44297133855155624 0.7667414224214111 0.050074411069925516 0.05139683485851698
0 0.42389146713734427 0.691710511647683 0.07383929328391084 0.06295981946747684
0 0.46942222194666766 0.6937304080703607 0.06273810217691818 0.05725125998329546
0 0.41463551822580336 0.7184398883115656 0.06380952885594056 0.0433346256238929
0 0.5789559015360968 0.30649870528347095 0.07551092068857254 0.0662306851080741
0 0.6393849700477512 0.3086953781204741 0.0786904843909035 0.06808491638926872
0 0.6948909255827139 0.32702758069956783 0.07540179328391083 0.0631056851080741
0 0.701051645545647 0.36877748377777586 0.07847222958157989 0.061834916389268815
0 0.6711930199550838 0.4115385465897223 0.06742560217691818 0.057688856905087606
0 0.6397793288480913 0.4097683594016687 0.06435516587924912 0.0589596256238929
0 0.6057292218618496 0.35494610503391383 0.07227679328391083 0.06281395382687949
0 0.7325943114248961 0.41913103660642675 0.0832688569862416 0.06539751331106078
0 0.7213864821134687 0.479745894551504 0.0754563569862416 0.06466818510807411
0 0.7425248721320021 0.4566100255831415 0.06898810217691817 0.05783472254568487
0 0.7157094009879427 0.49673560711389336 0.057886911069925696 0.05212616306150366
0 0.6660095013507623 0.5099970576130076 0.05750496515360979 0.041188663061503664
0 0.6599678324762884 0.4941013373550982 0.06430060217691817 0.057397125623892896
0 0.6803150488110244 0.4483092183867357 0.05626984736759475 0.05041779742090622
0 0.6222024484482047 0.44511249708883655 0.06909722958158007 0.060959722545684866
0 0.5603026491738442 0.46813462271272943 0.09782243030721922 0.0807728040764367
0 0.5580109736759482 0.40250962271272944 0.08041667549789597 0.07291828202986608
0 0.537214834838541 0.34566626039989734 0.0804166754978958 0.07291828202986608
0 0.5006796233131284 0.39923996859453165 0.08515873920022692 0.07491837895165805
0 0.4743552254900467 0.4534280501252835 0.08990080290255768 0.07691847587345002
0 0.4530233733131285 0.40368887063275 0.05648810217691817 0.05666779742090622
0 0.48002981741534595 0.3690320391019982 0.05298115626060227 0.0454385661397116
0 0.4789831833872622 0.3166153562816995 0.05637897477225664 0.053542797420906216
0 0.44003973447572137 0.34611618011693124 0.06284722958157989 0.060376259983295544
0 0.42632446405730134 0.40226233652290444 0.07400298439090332 0.06764731946747685
0 0.37941969300590916 0.3384507572799281 0.07556548439090331 0.06779318510807411
0 0.4211434015360968 0.32123113498380046 0.0626289747722566 0.054126259983295455
0 0.3241617633316619 0.39455610316173034 0.08661211179556512 0.0719392445922554
0 0.3349554195922642 0.43430590931814644 0.07055060217691818 0.057980588186282135
0 0.398464848085385 0.45737753369425355 0.0642460384745874 0.055834625623892895
0 0.4102753673226787 0.4813564742100723 0.09318949400955016 0.08189770715464455
0 0.2670164406436564 0.5088386131450259 0.07723711179556511 0.07106405074867155
0 0.347284294001701 0.47312859983396516 0.04516865626060227 0.04470923793672501
0 0.33791921768549843 0.4967329764978478 0.07680060217691827 0.05856405074867155
0 0.34733142322046123 0.5193682154745625 0.08348711179556503 0.0716475133110606
0 0.3165824202252364 0.5590772111068075 0.06715278366526398 0.049876356905087606
0 0.27577637095087576 0.5801301505826366 0.08488592068857255 0.06710587895165805
0 0.32681308129516207 0.6051499500835223 0.08828373920022684 0.07521011023285276
0 0.3673463120578683 0.5762845106076933 0.07405754809323425 0.06920981946747666
0 0.4156647609694092 0.5459084929288777 0.08644842068857254 0.0672517445922555
0 0.46040434209493525 0.5252721393515554 0.08822917549789597 0.07364761023285275
0 0.5810987880112511 0.5249779850255616 0.08515873920022692 0.07491837895165787
0 0.5049182339275673 0.5430629014148304 0.08666667549789579 0.07350174459225549
0 0.603291246541439 0.5095816832369005 0.05966766587924912 0.05852202870210092
0 0.6124231990811768 0.5690815378542124 0.0804166754978958 0.07291828202986608
0 0.561396412420688 0.5667909211736254 0.07885417549789597 0.07277241638926882
0 0.5076092135091471 0.5976774685945317 0.051309528855940555 0.042167700499114245
0 0.4915477038905003 0.5866361250005049 0.04138889183263199 0.025667506655530303
0 0.5021851035276806 0.5770213155163237 0.052435519237293705 0.029813566139711513
0 0.47049859390903376 0.5674386283282701 0.052926592558271326 0.04387606613971151
0 0.4168378805695226 0.5795022429288776 0.0641369110699257 0.0527096256238929
0 0.43325405425332003 0.6006998365229045 0.06758929328391083 0.0623763569050876
0 0.38718758610448545 0.6057841229205254 0.05169147477225655 0.05310520049911425
0 0.38151050497895944 0.6227738354829148 0.04812996515360961 0.040313469217919715
0 0.40086070570459886 0.6382109477957469 0.05281746515360961 0.04075106613971151
0 0.43639890162091477 0.6458664708823072 0.043551592558271325 0.04300087229612757
0 0.45849215643023833 0.6500743519139446 0.05265377404661713 0.03606356613971151
0 0.45912707349061377 0.6233659862733474 0.07065972958158007 0.06110558818628213
0 0.9927802993591787 0.5318548887281673 0.014439401281642717 0.01566702204657062
0 0.9817634761230188 0.5291155638529459 0.012936509618646851 0.01366692512477865
0 0.9875224028020412 0.5144696012905566 0.02236607332097762 0.016104618968362416
0 0.9917349099312084 0.49435488872816735 0.016530180137583273 0.015812887687167886
0 0.998157280121885 0.47897959796279144 0.0036854397562301245 0.012833753327765152
0 0.9440923174153459 0.32570994384459373 0.030396828130301045 0.023083947171349095
0 0.9742336852013608 0.31349056385294594 0.022311509618646853 0.014542118968362504
0 0.9691195992665114 0.32415734359503656 0.01606150961864685 0.01395865640597318
0 0.984717317415346 0.32191743718906335 0.019186509618646853 0.014250387687167887
0 0.9920449174192705 0.3123026277048821 0.015910165161459135 0.020792118968362507
0 0.9989992837076731 0.3262711838612982 0.002001432584653884 0.013812790765375916
0 0.9874430133316618 0.3326361387281674 0.022311509618646853 0.014542118968362504
0 0.955275354075835 0.3317201343604125 0.023983137023308388 0.01781298460895986
0 0.9964558816658309 0.3399170979627915 0.007088236668338155 0.018792022046570534
0 0.9927133227728234 0.3481671948845834 0.014573354454353194 0.016250484608959857
0 0.9954253777635568 0.37038584796279145 0.009149244472886408 0.01937548460895986
0 0.9924231460938012 0.37580267616577806 0.0151537078123976 0.014396253327765151
0 0.9968973531263765 0.38437541514249285 0.006205293747246899 0.012833753327765152
0 0.7487897410991433 0.3666723317395576 0.023983137023308565 0.01781298460895986
0 0.7634598763083533 0.33786992533358434 0.022475200725639334 0.019229618968362505
0 0.7468899352013608 0.3347140145598562 0.017733137023308566 0.017229522046570533
0 0.7473537266711731 0.3479952645598562 0.03195932813030104 0.02322981281194636