0 0.5728795751350342 0.66856402207986 0.20810735999173638 0.21642607336090797
0 0.6500427935998954 0.610070816756814 0.20966985999173637 0.21644425469445316
0 0.723462763014687 0.5781037487666773 0.12809124525034737 0.1342670066836355
0 0.6893436425737148 0.499560578095132 0.15814242116215277 0.15023745202099903
0 0.5298231722089927 0.5039560820734966 0.2126130220358334 0.20866811736154425
0 0.5019858468865273 0.6591430214035422 0.031904616641249994 0.02848862667090888
0 0.5298205593674647 0.6383674447405875 0.07351154160312508 0.07114884134309048
0 0.47798595564399254 0.615883370066815 0.1613401563445141 0.15339881468808975
0 0.39911542002479117 0.6470055533895429 0.07347517401194441 0.06958634134309047
0 0.41218042410885375 0.555726572724361 0.24419033035645848 0.22309424403245295
0 0.34419283710288145 0.5893197753819068 0.12954464247680572 0.12959768801718105
0 0.32221004075010373 0.5265470553787251 0.048002395326597204 0.048982940006363405
0 0.27758852498253433 0.4963322967059073 0.052726262917777864 0.05059998400699968
0 0.4978477800165274 0.4340339334022696 0.08612064437666671 0.07598179201145397
0 0.6372375883371524 0.42158957208781417 0.2191903303564585 0.22280334269572588
0 0.8008454934473954 0.4430298621100858 0.1836879350298613 0.1739658533577261
0 0.780697954028472 0.36855657344044956 0.24600740349472244 0.2340499253659985
0 0.8590781803771179 0.32492529945094917 0.05454333605604163 0.06155566534054513
0 0.6463606280404164 0.2982247974219959 0.1550901563445141 0.15332608935390812
0 0.7554635243169443 0.27761340010340435 0.2111959924005557 0.2148999360279987
0 0.8188181627096874 0.24162190344522214 0.059121733282500255 0.05692270934118149
0 0.7842808149701387 0.1810474827736769 0.1902652433504862 0.1881010786919079
0 0.696018401976111 0.14563614676158654 0.17089699430041688 0.16132040268936257
0 0.5217593651226385 0.3467884720719058 0.16610039152687506 0.1565783586887263
0 0.6084248701566317 0.2829356047501325 0.11653549620027803 0.10757723734881744
0 0.6442188594230555 0.18879525342135958 0.21722778685347244 0.20559766136218052
0 0.41663480081808996 0.3979231633911337 0.20454594889756966 0.1976397106938169
0 0.3401437295796871 0.4611129593809523 0.18873911094166687 0.18964539735836256
0 0.22248410410472186 0.4464590186982713 0.2543290497712502 0.2560158320337258
0 0.28821951329902745 0.37532945337363455 0.13114351006798622 0.1311783693507264
0 0.37977254008451367 0.3029373800524976 0.24131990349472243 0.23399538136536221
0 0.4913107585493748 0.2448441640674514 0.2540381090418057 0.24351583203372568
0 0.4960359325613193 0.17613052673454233 0.1369570989738195 0.11250109468490824
0 0.2669452317638886 0.31569082403722554 0.06864220364722229 0.06328179734245412
0 0.06521515834128429 0.5219937260104995 0.05414329255305559 0.04436816534054504
0 0.04791534256338523 0.49752952800763606 0.09583068512677045 0.09960110534690844
0 0.08284037585621493 0.43623803934595395 0.13128898043270845 0.13742836935072641
0 0.01687445621267343 0.4830670386696362 0.03374891242534686 0.10675907733927233
0 0.03030182978777763 0.3964937393379998 0.06060365957555526 0.09298747867599957
0 0.010007513583367909 0.412663632001909 0.020015027166735817 0.12845226400381798
0 0.06772582855350665 0.3469755446769541 0.12780030452090288 0.12176700668363569
0 0.08322288877399273 0.3862289486791813 0.060684233282500034 0.05694089067472685
0 0.015022975114374896 0.3228653353357726 0.030045950228749792 0.13948067067154524
0 0.07881075854937479 0.240044292011454 0.15334581838861122 0.14549540802036273
0 0.01684004825263879 0.268196016669318 0.03368009650527758 0.07389203333863606
0 0.1111517862847915 0.19353291868236291 0.07827177678548618 0.0743283853437268
0 0.21215058862149289 0.21893345536281683 0.09600479065319456 0.09796588001272663
0 0.2518845826375692 0.2576874200349984 0.09916615824437507 0.09956474267981755
0 0.21849020117868032 0.28230561203054405 0.06555357123840286 0.06480793467536321
0 0.19481696504638868 0.2585863013605897 0.10232752583555564 0.10116360534690845
0 0.16929028818465258 0.24734880935708983 0.10399912860909728 0.1058692866804539
0 0.2866966469421179 0.20573456870622545 0.10861389342673622 0.10279883068109026
0 0.19850762234083322 0.1335953920273624 0.09262521751493065 0.0869920173456358
0 0.23756946913045124 0.1676527660327712 0.10556162860909728 0.10588746801399936
0 0.16545807978777763 0.17697267468968075 0.10883209897381954 0.11217383068109026
0 0.2901502616835068 0.12450275003977089 0.11653549620027785 0.10757723734881748
0 0.2431486283247569 0.09582321936663482 0.07183993882958344 0.06644316000954502
0 0.1910912465815275 0.3179340293602715 0.0558876305089584 0.05219884667409058
0 0.22083329796829837 0.315935724697635 0.043205792553055566 0.04424089600572696
0 0.41947539219246527 0.07443111939049737 0.0448046601442361 0.04582157733927246
0 0.43835202555121516 0.10278338605981543 0.03677395459715278 0.036355670671545236
0 0.3846821648938888 0.09199988005249757 0.036737587005972294 0.034793170671545234
0 0.3439844297115277 0.09465216538031603 0.03837282218833336 0.03793635200509069
0 0.4033224089099652 0.13050839672181563 0.033467116641249996 0.02850680800445433
0 0.3879876964290277 0.15142942405313392 0.04469555737069451 0.041134077339272455
0 0.4219814899320138 0.134632822724361 0.036737587005972294 0.034793170671545234
0 0.44721787927468737 0.1247674740610881 0.04473192496187508 0.04269657733927246
0 0.46068162044097216 0.08350667472945165 0.03517508700597229 0.03477498933799979
0 0.4562844079600346 0.10455497139558804 0.02554551386770836 0.02372840133672711
0 0.4643326440923262 0.128092468730088 0.036701219414791805 0.03323067067154524
0 0.40793782693798597 0.10008510005567925 0.046403527735416714 0.04740225867281791
0 0.39036846723059015 0.11629135538667937 0.03353985182361115 0.03163180800445433
0 0.4419484978157985 0.14971293006045178 0.03666485182361114 0.03166817067154524
0 0.45830019642902775 0.15224758406267894 0.027144381458888846 0.025309082670272563
0 0.48101099781579854 0.15016746339908787 0.03361258700597212 0.03475680800445433
0 0.43591605015249985 0.1738680453930427 0.03982621941479163 0.03326703333863614
0 0.49654573204822905 0.1206526860677696 0.05428876291777769 0.050618165340545127
0 0.5052479316113888 0.14966802406904228 0.054216027735416714 0.04749316534054513