0 0.4134301593168434 0.5619318356483884 0.1321034763189118 0.13279362793779903
0 0.3446733430503606 0.4977990180034627 0.2277560035931799 0.2015294738911484
0 0.47289698240189326 0.6100713257200958 0.13071439808928725 0.1341919025701966
0 0.5529253617094717 0.5655282806812203 0.13280057153365518 0.11124707867300429
0 0.6064031694833952 0.6177804819663185 0.11630675861515698 0.11569059962937552
0 0.2939023174500848 0.5778220457619934 0.1793253198596627 0.14084538896587767
0 0.3909575554869431 0.6433484200237662 0.12394413277816083 0.12884750109978604
0 0.647449795442989 0.5185570139507683 0.14512374163003816 0.1387949308786201
0 0.4691411492728893 0.41603746983845397 0.2001512689043064 0.20326091727430118
0 0.6616746407803299 0.4259988273697749 0.12741768038553242 0.11840267720259381
0 0.48926318683630676 0.27746764594126183 0.1472082110077853 0.12974838161382526
0 0.558639759798759 0.4428321538432072 0.08940082320764749 0.0819772191153362
0 0.32277619018429143 0.310552433078192 0.12759110215590788 0.11996517720259385
0 0.3835530489135713 0.4252201626717138 0.10623807153365501 0.10845524742375971
0 0.5720366898164986 0.685301150717074 0.13540360215590788 0.12078630404060693
0 0.4474736523756787 0.6967103220440697 0.11127241507440604 0.11207292352656761
0 0.25580130548694313 0.6291429257261396 0.13731124163003816 0.13797380404060694
0 0.5381046166088513 0.7560289321516308 0.2097030988079233 0.17801222021512225
0 0.24752116972859034 0.3476935415360741 0.15727689808928727 0.13698373381944098
0 0.3254718959249045 0.3503539472324038 0.10103201028914936 0.08937679668855454
0 0.41357972415452904 0.3611951805019518 0.08020094904464355 0.06865609227732303
0 0.40689276159534893 0.3359910782963361 0.028295013637134048 0.03231510588164195
0 0.38571741291002326 0.37723546193650853 0.04600277894826048 0.03880908492527073
0 0.37768908598659834 0.7486529446561636 0.15275941172642132 0.16585010698142783
0 0.5156761219986211 0.48099613233694305 0.2359170512005516 0.19157732609676406
0 0.6557052222353414 0.5937188803105957 0.1317566327781609 0.12966862793779904
0 0.5407457922176018 0.3405752345425587 0.10450385382990035 0.09283024742375971
0 0.4729165791680313 0.773678667447526 0.18799981651167794 0.19117383970108293
0 0.5173679345493264 0.8360472418946111 0.08558043205952473 0.08929704301252847
0 0.41693693622331873 0.8507831564194474 0.190431129430176 0.1852522904362882
0 0.47414586816024595 0.8907816957559496 0.12915360215590788 0.12012940257019658
0 0.3462554398164987 0.6615705850984954 0.14338611579304192 0.15096648014341482
0 0.2846293649348589 0.7040959718648011 0.14946439808928727 0.13616260698142782
0 0.38022415045649127 0.8967173990673951 0.1425190069411646 0.14315398014341482
0 0.5086917338306904 0.8714920657918033 0.039579357177884945 0.03658968345486002
0 0.448978410623043 0.9395101286609169 0.05034173134088889 0.05007503566047618
0 0.41591003813403155 0.9537465163537838 0.1336659763189118 0.09250696729243231
0 0.3086942899306215 0.8718113067900719 0.141823615793042 0.15080225477581238
0 0.342713926056767 0.8074156380393165 0.07013226196314175 0.06142074007170741
0 0.2587699243827747 0.7733011301373711 0.16265808517078914 0.1437264099222489
0 0.2553890518937632 0.8108832428211723 0.1593613674670344 0.12793718455464642
0 0.18594280871233024 0.7885672385952531 0.11595821100778533 0.1264638742617727
0 0.5260211303685829 0.6085416255347835 0.11734899330403045 0.11116732499697797
0 0.5026780095535639 0.6693172591749561 0.09321951028914946 0.08855566985054146
0 0.6022427510610043 0.6695072073339212 0.11370543205952473 0.09225309962937552
0 0.31106851661732604 0.40179445771058936 0.11665360215590796 0.11881559962937552
0 0.358222394005717 0.5608714477822968 0.10415530622252867 0.10360352205615726
0 0.27496526314674374 0.4636000384099409 0.0687414796668965 0.07671728933650215
0 0.255514759798759 0.41097243252829896 0.1234238674670344 0.12416000109978605
0 0.2188827206839467 0.40633188638963746 0.06752582320764747 0.07967806396889951
0 0.21463729544298893 0.4730665871248426 0.09495372799290411 0.10418066985054146
0 0.21264805728353306 0.5337155132276505 0.08071951028914937 0.0872418669097204
0 0.3035323379057859 0.5337834718648011 0.07273699665201523 0.05706169080691268
0 0.2696784552502227 0.5325963764613448 0.02742790478525663 0.02450260588164177
0 0.262645501183602 0.5176306369395304 0.06596502727426809 0.0656155639688997
0 0.2493744755833262 0.6015950735205239 0.061452653111264334 0.05278711323369425
0 0.2591975145755409 0.7196013413507618 0.1635286021559079 0.12374236065745414
0 0.18123059974633005 0.5817870446622073 0.085755557896521 0.07696126838013093
0 0.17869723934305787 0.4479493156185785 0.06683384019276621 0.059529789336502145
0 0.15563043981649866 0.6415350902509759 0.09426004091140223 0.09793066985054147
0 0.15659277988666737 0.704074967088989 0.09964122799290412 0.10467334595334918
0 0.1287108718760235 0.5565079067961156 0.11023188445215318 0.10269792352656762
0 0.1192542731906979 0.5989839806933077 0.13384110215590797 0.1206220786730043
0 0.11083905716093548 0.6391984172743013 0.05068857488163978 0.053200035660476
0 0.14788846206878975 0.5047788224207379 0.12082083684478154 0.11462077573218324
0 0.18373839915029166 0.5022238931917968 0.061452653111264334 0.05278711323369425
0 0.14927924436503498 0.5207322731559432 0.09096332320764744 0.08214144448293884
0 0.08714824077185507 0.6959856882306724 0.10918794569665888 0.12111947279136252
0 0.12517617438277467 0.7592598612073471 0.09616938445215317 0.10121989521814409
0 0.2941166368193572 0.9177009545844562 0.13679268038553244 0.11938802940820956
0 0.35178022750251375 0.40528306726825747 0.09478030622252867 0.10261816985054147
0 0.4085360082473642 0.2855805148773295 0.10693346268177772 0.10080697279136244
0 0.36530456949186996 0.26206797921685354 0.09634451028914937 0.08888412058574673
0 0.30497660178811514 0.2715345279317553 0.07516660550389265 0.0650384161745153
0 0.2633994861176707 0.29008514374168987 0.047216731340888884 0.04974658492527073
0 0.2685230966435405 0.3080116578959016 0.05346673134088888 0.05040348639568126
0 0.599699166258008 0.4503091260846766 0.07360410550389265 0.06487419080691267
0 0.17929569520626853 0.3713469387805654 0.07568687081501908 0.06972591617451532
0 0.13831873946565548 0.32752190312008944 0.09634451028914937 0.08888412058574673
0 0.08310586195466693 0.2837813391511899 0.0935663538299003 0.09168066985054146
0 0.06323202858046774 0.32042033547516374 0.09860069737065127 0.09529834595334936
0 0.09483483635439115 0.37037338161382527 0.07030568373351717 0.06298324007170741
0 0.04051580848832201 0.3936959691153362 0.08103161697664402 0.0846095430125283
0 0.17111079066620705 0.16024993142851301 0.05989015311126433 0.052622887866091705
0 0.20427609844013045 0.21036720293477723 0.057285418422390766 0.05698193713088644
0 0.14697875155139478 0.15692318823067244 0.04895265311126433 0.051473310292873366
0 0.1642572226031343 0.1935152306933078 0.05693857488163978 0.05385693713088644
0 0.20488648276968605 0.23335190366998243 0.05607146602976239 0.04604443713088644
0 0.17207313073637567 0.2227898082665261 0.05971673134088884 0.05106038786609164
0 0.1395190593253182 0.20277060017926848 0.0562448878001379 0.04760693713088644
0 0.16383389257691977 0.28278183289892345 0.09703990143727195 0.08123584595334936
0 0.1542863228398547 0.2904723433771091 0.06804949665201532 0.05656901470410478
0 0.08448812391780865 0.22860116304838204 0.08367108851877388 0.08600781764492575
0 0.05845185346210754 0.27091537058574666 0.08019924497802292 0.08255436690972048
0 0.09552511530265166 0.33566993087862007 0.035238700718635975 0.03922200735205239
0 0.12313240609145629 0.36465357554687106 0.07447121435577006 0.07268669080691267
0 0.09440639412831457 0.41695980771663316 0.08940082320764745 0.0819772191153362
0 0.11862514412831456 0.4195053009144738 0.05936818373351719 0.061833662498489116
0 0.016254981095693666 0.4124530461386616 0.03250996219138733 0.08740609227732317
0 0.033009778703065325 0.42626213106393224 0.06601955740613065 0.06109228933650215
0 0.025893947901153465 0.4606793669097205 0.05178789580230693 0.05731038786609162
0 0.034567592519858394 0.35175716617451525 0.06913518503971679 0.06989014154211785
0 0.031372496284222506 0.3012644900717074 0.05016830957051337 0.048512535660475996
0 0.01112924048654804 0.3253636095576681 0.02225848097309608 0.04687028198444976
0 0.011609558488322009 0.36973063419006547 0.023219116976644017 0.042262535660476
0 0.001327928343747335 0.45887760588164195 0.00265585668749467 0.0646302117632839
0 0.011052327984429344 0.4846541378660917 0.02210465596885869 0.036753908822462836
0 0.011964922362176481 0.5143017610280787 0.023929844724352962 0.06265478933650215
0 0.0025482709862033144 0.543292482719655 0.005096541972406629 0.06545133860129689
0 0.8168985947243529 0.572723529754659 0.06179949665201541 0.05591211323369425
0 0.7722814858724756 0.5759377194617856 0.07516660550389265 0.06503841617451514
0 0.8918144399390963 0.6027276854509888 0.0777713401927663 0.0606793669097204
0 0.8546638395797782 0.6170013646799297 0.0730838401927663 0.06018669080691268
0 0.7833958157760924 0.6039782477702093 0.05988844904464354 0.06652116249848898
0 0.8232412698427132 0.6223927200116787 0.0590213401927663 0.05870866249848916
0 0.7475450266612802 0.599419814315349 0.046523044259387095 0.04349658492527055
0 0.7524969194833953 0.6331355538371635 0.04634962248901146 0.04193408492527073
0 0.787912450105648 0.6273735119244211 0.0347184354075095 0.0345345073520523
0 0.7876540215167056 0.6439439872920236 0.041662122489011466 0.04144140882246283
0 0.784362416012813 0.7020849380272288 0.0597150272742681 0.06495866249848917
0 0.7426926252240083 0.6716232650505543 0.05329330957051326 0.04884098639568109
0 0.8192542731906979 0.6725569453792813 0.06509791842239068 0.05780306396889952
0 0.7645659211573875 0.6596956948293883 0.03610751363713405 0.033136232719655115
0 0.7737700554869431 0.683583635086408 0.04305120071863584 0.040043134190065464
0 0.8347024432870811 0.6473082483201023 0.03975277894826057 0.03815218345486038
0 0.7245478973537016 0.6499570852717202 0.04825896602976236 0.04522331029287337
0 0.7191701184054412 0.6841678599041175 0.04496054425938691 0.0433323595576681
0 0.7639632051276252 0.7007312582483948 0.030726326555632254 0.026393556616847037
0 0.7465147204387516 0.6941551665209648 0.02569198301488118 0.022775880514039316
0 0.7530274091942458 0.7138084060427792 0.03923251363713405 0.03346468345486038
0 0.8733305368278319 0.6482067698263665 0.04773870071863584 0.04053581029287336
0 0.7927028496237325 0.7622388290194537 0.05329330957051326 0.04884098639568109
0 0.8919139313239393 0.7086468757080083 0.04634962248901146 0.04193408492527073
0 0.8791503905351347 0.6812233720319821 0.03975277894826057 0.0381521834548602
0 0.9117869126648281 0.6648945167002333 0.04287777894826057 0.03848063419006546
0 0.8579724857498778 0.7011276676207507 0.04461370071863584 0.0402073595576681
0 0.8273328700794336 0.7208278610039036 0.03975277894826057 0.03815218345486038
0 0.8135339108682382 0.7454595334306852 0.03610751363713405 0.033136232719655115
0 0.8364519975904221 0.7597237766285259 0.03489185717788494 0.036097007352052304
0 0.8473002306053032 0.7403145161503403 0.03437159186675842 0.0314095073520523
0 0.8157084992644144 0.7828351849010957 0.03541212248901147 0.0407845073520523
0 0.7998250706754719 0.7977634065926721 0.03593409186675878 0.03157373271965493
0 0.7745632339532881 0.7832528253434277 0.040968435407509676 0.035191408822462834
0 0.7079758938831194 0.7138154830661045 0.04843238780013799 0.04678581029287336
0 0.8547709992644144 0.7869408190911612 0.044266857177885297 0.0370823595576681
0 0.8769877306053033 0.74343479813479 0.039579357177884945 0.036589683454860376
0 0.856152409194246 0.724647280304552 0.03280909186675842 0.031245281984449848
0 0.909185586109196 0.6883320167002333 0.03610751363713405 0.033136232719654934
0 0.9239426252240083 0.6906734076924581 0.02482317009638315 0.028861655146436682
0 0.7348002306053033 0.7284902896829516 0.04322462248901147 0.041605634190065466
0 0.7048440776166366 0.6565801308604888 0.0359340918667586 0.03157373271965511
0 0.6945169619461922 0.6784152540224756 0.028295013637134048 0.03231510588164177
0 0.684537541849809 0.7042387398682639 0.03714974832600752 0.028612958087257567
0 0.9162210962757478 0.7246378442734516 0.034369887800137985 0.045307781984449846
0 0.8887090367052345 0.7660065764432137 0.0317668571778853 0.03576855661684704
0 0.8636223258200466 0.7641602205615717 0.03628093540750967 0.03469873271965511
0 0.8800302798866675 0.7801113122890018 0.02933724832600788 0.02779183124924458
0 0.88463192103479 0.788498601075611 0.012671717703754836 0.016774577573218253
0 0.8873046218760235 0.6362393227671874 0.02742790478525663 0.024502605881641947
0 0.9012804109908357 0.6384986010756111 0.031073170096383152 0.029518556616847037
0 0.9214203412537707 0.6493093935382463 0.04027304425938709 0.042839683454860375
0 0.9297573667314488 0.6810098337952659 0.015621591866758423 0.029438802940821063
0 0.4742536833657244 0.3414902691032487 0.16005505454853636 0.13418718455464623
0 0.21144944149049105 0.6726935415360741 0.06370884019276621 0.05920133860129688