0 0.33747820142422313 0.66953125 0.10577838001272663 0.09375
0 0.3281571980824053 0.60703125 0.09791133601209037 0.0890625
0 0.23870379941117825 0.5734375 0.09151588534372676 0.0765625
0 0.25878903274186016 0.55390625 0.08370338534372675 0.0765625
0 0.3062452880728603 0.53671875 0.06326361600890866 0.065625
0 0.5701719754137236 0.5921875 0.094768154678545 0.0875
0 0.4633401727402694 0.5421875 0.105796561346272 0.0953125
0 0.37898280673136064 0.4765625 0.10258065467854491 0.0875
0 0.33288905673136066 0.4765625 0.09783861067790856 0.0828125
0 0.24753281206236077 0.459375 0.04742044000636332 0.046875
0 0.23432374005408843 0.3984375 0.10096361067790856 0.0828125
0 0.6499225627386785 0.53046875 0.13730110001590834 0.1171875
0 0.4541373480664969 0.48984375 0.08530224801081765 0.0796875
0 0.3878305480585428 0.43125 0.14671246268299926 0.1203125
0 0.3110589627227701 0.41328125 0.11210110534690845 0.1
0 0.23361466804581607 0.3375 0.1184056493475448 0.1046875
0 0.19687773671227063 0.3359375 0.10099997334499947 0.0859375
0 0.48408793006045175 0.4453125 0.11044769867918128 0.0921875
0 0.5677362240610881 0.45 0.16251927601845378 0.1359375
0 0.705499853397497 0.47265625 0.09785679201145392 0.084375
0 0.7550635013924064 0.43515625 0.11517156134627218 0.0953125
0 0.7499947407304062 0.46953125 0.07258407200827222 0.0609375
0 0.6560901993952699 0.45625 0.07265679734245403 0.0671875
0 0.5026197540579064 0.4265625 0.08679202267663584 0.0734375
0 0.4364038607176795 0.37578125 0.14037155601527207 0.1125
0 0.3162544453771344 0.32265625 0.12467383068109025 0.10625
0 0.19722263470717996 0.2984375 0.0694772533418178 0.0625
0 0.2681254807049528 0.28203125 0.10263519867918128 0.0921875
0 0.23527661803786187 0.27890625 0.08056020401018135 0.075
0 0.6335788527211793 0.4015625 0.14364200668363553 0.125
0 0.5182442067154523 0.359375 0.1483658693507266 0.128125
0 0.4837686620384982 0.28359375 0.14838405068427196 0.1296875
0 0.6844146467218156 0.40625 0.07901588534372692 0.0765625
0 0.5735038713796797 0.34140625 0.110393154678545 0.0875
0 0.35894138470717996 0.2984375 0.09629429201145401 0.084375
0 0.4266288713796797 0.34140625 0.09146134134309047 0.071875
0 0.32477492270049846 0.24921875 0.08991702267663593 0.0734375
0 0.2880652633672712 0.25 0.06782384667409058 0.0546875
0 0.24109026603277123 0.24140625 0.05681362133990877 0.0484375
0 0.258804477363135 0.21953125 0.08513861600890867 0.065625
0 0.22074085602322618 0.17109375 0.05681362133990877 0.0484375
0 0.3054613013605897 0.20078125 0.08684656667727228 0.078125
0 0.2833226720241807 0.178125 0.05694089067472685 0.059375
0 0.7651101160486796 0.35859375 0.1262908746817267 0.1109375
0 0.6788362613780888 0.3296875 0.14674882535009015 0.1234375
0 0.5615845793682256 0.25703125 0.13882723734881744 0.1140625
0 0.49227095802831683 0.20859375 0.12000451201463562 0.1078125
0 0.41218401603277127 0.24140625 0.09151588534372687 0.0765625
0 0.4052249440244989 0.18046875 0.12149428668045399 0.1015625
0 0.33374938602004456 0.14765625 0.09787497334499946 0.0859375
0 0.7281635520369074 0.271875 0.10430678668045382 0.1015625
0 0.6575056066995439 0.2421875 0.13101473734881744 0.1140625
0 0.6701050566915898 0.18359375 0.13724655601527208 0.1125
0 0.5666164300206809 0.15234375 0.12156701201463563 0.1078125
0 0.47671813602004454 0.14765625 0.08212270401018137 0.075
0 0.4155533693507264 0.128125 0.07096702800763599 0.05625
0 0.3630914406826811 0.11796875 0.08502952800763594 0.05625
0 0.3138181466820448 0.11328125 0.050581802673454225 0.05
0 0.34487724267981756 0.096875 0.08184998400699968 0.0515625
0 0.4975209846833174 0.12265625 0.06936816534054521 0.053125
0 0.4145357620146356 0.1078125 0.07558180267345418 0.05
0 0.6957857620146357 0.1078125 0.14049882535009015 0.1234375
0 0.6224391686823629 0.115625 0.061573846674090583 0.0546875
0 0.5998641873408633 0.05546875 0.1247283746817267 0.1109375
0 0.5816596273472265 0.10234375 0.06151930267345414 0.05
0 0.4823408800127266 0.09375 0.07732611600890885 0.065625
0 0.4343755473424541 0.0671875 0.09787497334499946 0.0859375
0 0.381804530673136 0.04765625 0.0694954346753632 0.0640625
0 0.4810687340069997 0.0515625 0.059974984006999674 0.0515625
0 0.45733124200349984 0.02578125 0.07403748400699968 0.0515625
0 0.4025528353357727 0.01796875 0.07073067067154529 0.0359375
0 0.38692783533577263 0.01796875 0.05510567067154524 0.0359375
0 0.7205595900302258 0.22265625 0.03784544533736352 0.0296875