0 0.46845247980652394 0.5800446412369974 0.18504768657189175 0.11884327759614025
0 0.15767860626995706 0.557347075488115 0.14275110226293627 0.09935689204448099
0 0.23141608811958445 0.504502719157449 0.16822380093507638 0.18104326866768652
0 0.36794848575845224 0.5341475344992943 0.1350931383672898 0.12578302434972918
0 0.29662747678146184 0.5744509805215348 0.08325792759490121 0.07800799756436802
0 0.5768962388817103 0.6039303802799487 0.04386817466803503 0.021076159090609538
0 0.6520098683702054 0.5830900004103323 0.20531473477649378 0.11138533360249454
0 0.2947018832991242 0.5026168908299603 0.09589428298109545 0.1016636858759707
0 0.41575018150372617 0.5083156915613088 0.18655564441741407 0.10949555113509035
0 0.5859308712970718 0.5279991258157218 0.17877950585373234 0.11560918344033873
0 0.7257564405789125 0.5286831440796664 0.10208065046753809 0.09083528003177221
0 0.5065978953011767 0.46845257630218917 0.12254768657189175 0.11775233603812651
0 0.579322322994274 0.4554656067409984 0.12253859621281223 0.11618983603812652
0 0.6378297145830175 0.4692865990303606 0.07696247579950324 0.0700864034085665
0 0.6915450670423455 0.5011581619365739 0.13984427088084708 0.13680234496658022
0 0.6716052717646098 0.4374502179429284 0.10823065651766228 0.07375687418757337
0 0.667176846998379 0.3930007885597793 0.07219316256778666 0.05594208279171564
0 0.596105822896078 0.3903354845820198 0.12097609621281205 0.11616256249917614
0 0.667508645104785 0.3359695385597793 0.13492042154477701 0.09609552434972919
0 0.5982137444408551 0.29655821104306945 0.11458974082661796 0.09261596834337489
0 0.6070802052132436 0.24953320657884256 0.08643746974937905 0.08743754464226869
0 0.5416915545493136 0.21005369521475686 0.09581246974937904 0.08760118587597072
0 0.5462426991631195 0.23340937459790584 0.07693520472226431 0.06539890340856669
0 0.4807358738311544 0.21424236323382012 0.04236930718159222 0.031986385551659155
0 0.5698660306434045 0.33533038474417554 0.09117042154477702 0.09533186525911966
0 0.50068021428843 0.2771690572274657 0.11632495764913067 0.12233074188232518
0 0.4360546329063408 0.2408009090939048 0.07867042154477702 0.09511367694751698
0 0.46806263612779464 0.3785094147759477 0.11490790339440445 0.14730346834337488
0 0.5095370638208918 0.36606791599376365 0.11642495159900648 0.13951824188232517
0 0.39522055464750955 0.27744752110661364 0.12745335518980258 0.15533415665497757
0 0.42922284992524523 0.34091000324970616 0.042451120413308986 0.046048885551659244
0 0.34209555464750957 0.27837482143092523 0.08948974687674198 0.07499209172016937
0 0.34942224131759714 0.22747084050564864 0.03782725292686617 0.05690456493480818
0 0.34493420833650157 0.32753902435302457 0.1395988311856975 0.09461484496658024
0 0.4047859313073344 0.37883274310343645 0.06761474687674211 0.07461026217486459
0 0.3718507114597596 0.4004992374213936 0.17117608411256366 0.1514103157455871
0 0.27063819028432484 0.3421157674531657 0.08937157220870695 0.05467959172016936
0 0.28458251561628983 0.3621828056026126 0.06594316256778665 0.05583298863591431
0 0.22818706987101595 0.3881646530048249 0.07395565046753819 0.09034435633066593
0 0.267081398228043 0.4163890645310663 0.11626132513557322 0.11139324188232518
0 0.16299334104645066 0.44945275487126396 0.08642837939029935 0.08587504464226861
0 0.08202462129707169 0.5367948421272064 0.07550906010845859 0.0888091298696164
0 0.06598302742195064 0.4738272378251354 0.13196605484390128 0.12422052434972919
0 0.14996207592114014 0.40671582995234185 0.12724427693097135 0.11939665665497756
0 0.07065637100248409 0.3424817804388092 0.1194590480082102 0.12394778896022576
0 0.17455353064340448 0.34223059009861156 0.12070338544042358 0.06928756249917623
0 0.16035922043675002 0.36513230194916463 0.0627636204133089 0.04640344155801355
0 0.12551256352630416 0.17825959334502245 0.0929056383672898 0.12504663879807007
0 0.17769268706287106 0.20547092979018608 0.10543290944452863 0.1299523271096728
0 0.22576202752014654 0.26790670008272555 0.13185905405833437 0.1069784772718286
0 0.015047241317597151 0.5169011278410214 0.030094482635194302 0.10057274431795715
0 0.027447247367721354 0.5401204395294187 0.05489449473544271 0.07913412094116268
0 0.04475090988641005 0.392945430600965 0.0895018197728201 0.13439436525911974
0 0.08386087383115448 0.22116984212720645 0.0991101865718917 0.11734323295387143
0 0.10055749444085511 0.30524483319875273 0.08155907220870699 0.05454322402541765
0 0.07264611787922613 0.26901700689985886 0.08313975292686623 0.05769549756436802
0 0.0388341992613153 0.30710338798729114 0.03311248184962738 0.05213524431795715