0 0.4571267159112951 0.09287030976219543 0.08268469636645773 0.08080155933798819
0 0.526052188031508 0.07169497200461303 0.07397937606301604 0.06927206348717307
0 0.2829544739563807 0.4702103693006762 0.12468074879205204 0.1196990385920639
0 0.24371637289821396 0.53167974295103 0.11804811151914836 0.11453794191141178
0 0.21318372108144276 0.566634160792525 0.10478283697334119 0.10421574855010754
0 0.17067722774940255 0.5975755848577974 0.1198657030344175 0.11778134108157481
0 0.13003612335725587 0.6418574585081511 0.11635806576151389 0.11285704274124875
0 0.11728090290403292 0.6758297168065209 0.13558629788366644 0.1391594336130419
0 0.07091608593457106 0.6785277417016303 0.036224284547746864 0.06330548340326062
0 0.10902186381435816 0.7078134226153798 0.08293978788172676 0.08392655933798814
0 0.08520198441736235 0.6252610317435865 0.07755065727678294 0.11302206348717299
0 0.07195281426370179 0.5675785863076899 0.061511069095493774 0.12578217261537983
0 0.09334958214154923 0.5443545738601353 0.10940643515657004 0.14183414772027056
0 0.0652406865336959 0.4948631367226084 0.059055748792052 0.1147262734452168
0 0.13198151850606726 0.5705744543589664 0.13494856909549377 0.1313469336130419
0 0.1236272713810052 0.4682307043589663 0.10790783697334119 0.1044525468904336
0 0.1749826062283145 0.4410654757295907 0.08800992515463033 0.08896925684847723
0 0.22611454259283253 0.4682325495897259 0.0980226539428031 0.09749215186945541
0 0.160106776381975 0.4966167361025528 0.14508884364130098 0.14143232863401992
0 0.18212516865584846 0.5285654757295907 0.06734673879011237 0.06411096680652087
0 0.7605843638143582 0.7571858765733607 0.09295251666989941 0.09244945435896632
0 0.6754761691148904 0.6847412688950466 0.12480829454968649 0.12126153859206372
0 0.7261777997198342 0.6590793406805894 0.10803538273097572 0.10601504689043359
0 0.6893472215404847 0.7215075630861877 0.09933006242753387 0.09448555103961845
0 0.5089122275802247 0.15657853486708617 0.13156847758022466 0.12798513527271588
0 0.5735647878817268 0.12110389876917771 0.1332585233378591 0.12966603444287889
0 0.6484054201536605 0.10581170810716586 0.12806084030732112 0.12306083693238982
0 0.6907841098521585 0.14939668736124148 0.12818838606495575 0.12462333693238978
0 0.6954873274304434 0.21652498777615997 0.11479556576151388 0.11273864357108562
0 0.6612716951585098 0.2348955568624104 0.11310552000387944 0.1110577444009226
0 0.5786506427329154 0.19291969918409618 0.12480829454968649 0.12126153859206382
0 0.7668362978836665 0.1869926983589036 0.13651106909549374 0.13146533278320494
0 0.8070146298560378 0.2606912301024901 0.12818838606495575 0.12462333693238978
0 0.8092947359151743 0.22204312719806069 0.11648561151914834 0.11441954274124866
0 0.8151140433417385 0.2838210767831423 0.10127519970043757 0.09929145020978147
0 0.7753817347072264 0.3297246500185776 0.0910073793969957 0.08764355518880329
0 0.7539850957673329 0.31490421080645825 0.11141547424624498 0.10937684523075956
0 0.7364470383407686 0.25223826744515404 0.09789510818516867 0.09592965186945542
0 0.6738193636451804 0.28398425229830704 0.11817565727678296 0.1161004419114117
0 0.6279964227387345 0.3503895796829272 0.16355180121764618 0.15835971950581335
0 0.5691956365239975 0.27683275789738443 0.14014625212603188 0.137952131123531
0 0.49909055955259607 0.22648829316545593 0.14014625212603188 0.137952131123531
0 0.5057867118284092 0.3085195431654559 0.14846893515657006 0.14479412697434615
0 0.5245364539525014 0.3860292365267601 0.15353907242947357 0.14983682448483515
0 0.45897535576927256 0.34379326972023916 0.10296524545807202 0.10097234937994451
0 0.45835373137324653 0.2886205176456467 0.0894448793969957 0.08752515601864026
0 0.412547152734855 0.23157668963632655 0.09958515394280307 0.09761055103961842
0 0.39623636864615014 0.28857205083912574 0.11310552000387934 0.1110577444009226
0 0.43075463198206965 0.3595124354871417 0.12831593182259016 0.12618583693238977
0 0.3263223524352926 0.31666023942654514 0.1332585233378592 0.12966603444287889
0 0.3553084797062566 0.2722716219999686 0.10621779121570665 0.10277164772027056
0 0.3165165309239029 0.4152986489696704 0.14508884364130098 0.14143232863402008
0 0.3614462647130454 0.45208917656407194 0.11804811151914843 0.11453794191141173
0 0.44819696562143096 0.4400287296782828 0.10803538273097572 0.10601504689043355
0 0.48065865031895905 0.4572404630815433 0.16042680121764635 0.15812292116548737
0 0.35465374396026006 0.5781305356922788 0.13663861485312837 0.13302783278320512
0 0.40781095274455337 0.4874356033286366 0.08281224212409218 0.08236405933798814
0 0.41908316365487863 0.5208992987645333 0.12480829454968649 0.1212615385920639
0 0.4469848941100413 0.5393183346573047 0.1417087521260319 0.13807053029369404
0 0.44915304305187453 0.6039252863169787 0.10790783697334123 0.1044525468904336
0 0.4243920301749968 0.6525161516689628 0.1382011148531283 0.13314623195336797
0 0.4994080056291896 0.6488835114218694 0.15015898091420468 0.1464750261445092
0 0.5179987668390773 0.5912844989743148 0.1316960233378591 0.12954763527271584
0 0.5422655721396096 0.5271278332074122 0.1417087521260319 0.13807053029369384
0 0.5714589935012181 0.47576716536591723 0.14846893515657006 0.14479412697434615
0 0.6988189768313186 0.40001199399993725 0.1452163893989354 0.14299482863401997
0 0.6336561045613246 0.4672810817575197 0.1467788893989354 0.14311322780418312
0 0.7094855387998107 0.368987136946323 0.10816292848861017 0.1075775468904336
0 0.7688284589534712 0.4301623579020288 0.14170875212603207 0.13807053029369404
0 0.7144756698637964 0.4586532881910784 0.13845620636839726 0.13627123195336796
0 0.6843415018361678 0.5270238572773289 0.08593724212409234 0.0826008576783142
0 0.6578427747149851 0.5257923213845574 0.0622766015172088 0.05906826929603195
0 0.6602184756233707 0.507338319309965 0.07735946757828494 0.07263386182749905
0 0.6182700916844469 0.5165823421304819 0.08931733363936126 0.08596265601864025
0 0.5731965788075694 0.5636340182703468 0.10803538273097572 0.10601504689043359
0 0.6084643991110111 0.5771763000139332 0.1198657030344176 0.11778134108157481
0 0.5639330201730572 0.6118463753239609 0.09464256242753404 0.09413035352912935
0 0.5735949336587579 0.6350946211747761 0.08099465060882309 0.07912066016782511
0 0.6050362522952097 0.6398063545780366 0.08593724212409234 0.0826008576783142
0 0.6504444760824126 0.6253895796829273 0.07930460485118865 0.07743976099766207
0 0.6776766557789708 0.6165832647458617 0.08086710485118864 0.0775581601678251
0 0.6550045592627319 0.5861378255337424 0.11986570303441742 0.11778134108157481
0 0.739349284547747 0.11658510997662126 0.03874350666795969 0.03709818091374957
0 0.729783094849249 0.07548651329596917 0.03887105242559432 0.038660680913749544
0 0.7085458236374216 0.08164142491368684 0.03211086939505616 0.03193708423309745
0 0.7214762583349497 0.09737316868990951 0.05057382697140156 0.04886447510489071