0 0.6088106426490725 0.6353093977232286 0.20278533386094857 0.2065614659077429
0 0.7044748321450889 0.5417151306771 0.20389319279472176 0.1909637394466932
0 0.7543277311288745 0.6448770868456102 0.2004044799417402 0.17840919236879244
0 0.6137458467265653 0.7244128080316541 0.17021687476889086 0.16070349512873605
0 0.850923934810656 0.5833140697994816 0.16328491316955046 0.13715690097293454
0 0.9446224590255508 0.5295090056754523 0.09317098997087 0.08908186525911965
0 0.8743183192129653 0.5017328331921622 0.18566001834240006 0.15472623051823947
0 0.8068807666265403 0.4919663210172976 0.13318823620994644 0.12257620373287814
0 0.8333092228156043 0.40731463148787883 0.15413723370266402 0.14480575973923263
0 0.8937920817493776 0.3927532995069421 0.17941001834239997 0.15461713636243815
0 0.6872131243066724 0.4851923952875966 0.17426787727617316 0.1389103157455871
0 0.8102832482841403 0.3405401887120492 0.13640416442319178 0.1257557508107789
0 0.737465525402029 0.4142310588424329 0.15950669530200426 0.16832508035608368
0 0.6304295783841652 0.5732185008074836 0.07874477711788863 0.07633640340856669
0 0.5805061347315137 0.5481406343305479 0.12215980799670093 0.11926028896022593
0 0.6281192691338229 0.4669821375769588 0.1382394490629279 0.13515802434972918
0 0.5340463233696002 0.6152639046230874 0.1304269490629279 0.13502165665497756
0 0.48864289515635495 0.6113479719935275 0.1524838054894186 0.14165348620028234
0 0.49651654578949317 0.8551116087630026 0.1315348079967011 0.11942393019392802
0 0.549232368829889 0.8419764090873143 0.10263691818411544 0.09237050649282175
0 0.7227715057394807 0.7411520689887027 0.09129024122451135 0.07811709172016953
0 0.62210992768452 0.7971781521874555 0.0945516335443795 0.08285913879807012
0 0.5530955032321982 0.7600542532431156 0.10947795157021041 0.11279210064862326
0 0.35591296318218585 0.6387035844132735 0.19956940564770315 0.20338191882984216
0 0.3521778609123302 0.751862103487997 0.24864340314042083 0.22610239853730274
0 0.46674751161197553 0.5297570527566482 0.25695600831327015 0.24342626623205438
0 0.6717519456977156 0.32953273051494414 0.15450094655564542 0.1573057597392326
0 0.5846754945232167 0.3693980255642499 0.13658602084968266 0.1320057508107789
0 0.6448377562016991 0.42432703327488763 0.1237223079967011 0.11928756249917609
0 0.5823437678801817 0.4771150681779238 0.0691424565847754 0.06836026217486477
0 0.5418036844149445 0.42565197970416524 0.1366314849563052 0.1335682508107789
0 0.5241699035361321 0.38317810754518666 0.048193459092057724 0.046130706168510206
0 0.5626497303374517 0.3369985827884204 0.0800799565847754 0.06855117694751697
0 0.5551865713245363 0.3220321018631438 0.07847199247815269 0.06696140340856668
0 0.5180131802583094 0.30576617369781084 0.06748902837152997 0.0652079886359143
0 0.5534756556477032 0.20955937540209418 0.1562453029821363 0.163583033278183
0 0.6373589106622681 0.1672957832748877 0.1384213054894186 0.14140802434972924
0 0.7034589352728744 0.26527536160237647 0.10782452335696498 0.1096398271096728
0 0.6959443004748536 0.19486740421605026 0.1669100183424 0.15439894805083537
0 0.7595330905248661 0.3138861854656384 0.16194973370266402 0.14494212743398432
0 0.7460101481258559 0.27851174715403565 0.11178459765100221 0.08472164772652384
0 0.7441772119950516 0.1886816339235108 0.10419941818411545 0.09239778003177213
0 0.7270973605831259 0.1384088985340074 0.0976766335443795 0.08291368587597074
0 0.5499521873844454 0.08846562540209416 0.14834187476889085 0.16032166558343125
0 0.5146117324490228 0.16202981046728598 0.1351144490629279 0.13510347727182856
0 0.48874791442319176 0.1319059338440806 0.09156302586424747 0.08749209172016938
0 0.6164804578384165 0.06698213757695878 0.15483591567683314 0.11514553327818297
0 0.6673131836235218 0.1233100040538945 0.10479045157021041 0.11271028003177208
0 0.6971227040774928 0.10118558806342612 0.08035274122451135 0.07792617694751698
0 0.5593368622324785 0.27681505924947 0.10626202335696497 0.1096125535707225
0 0.7603621531404207 0.23503448254353904 0.11214831050398359 0.09722164772652375
0 0.8440157391129404 0.2653862301079071 0.13984741316955046 0.13674779788867958
0 0.8841610174844703 0.3301169318121904 0.0866027412245117 0.07803527110331832
0 0.9295500738318185 0.3067027512112254 0.08186977711788898 0.07639095048646727
0 0.8950015775927425 0.27330387012379315 0.09763116943775678 0.0813511858759707
0 0.9693279761808167 0.5097828867628846 0.06134404763836656 0.15596935633066594
0 0.9745633939692206 0.3505306176881612 0.050873212061558704 0.08384889448011297
0 0.9382310888755135 0.4225459395228281 0.12353782224897288 0.1773182508107789
0 0.46634697565209116 0.9948427159077429 0.08800010517284954 0.010314568184514173
0 0.43535538842593036 0.9765466834403387 0.10310827962517113 0.04690663311932255
0 0.3302503512789118 0.9882830243497291 0.06644335391920819 0.02343395130054162
0 0.3023884610706148 0.8118995767026357 0.22466033386094858 0.20694329545304768
0 0.3283492189881736 0.8952091343338431 0.2764956185006847 0.20958173133231375
0 0.29429847941301485 0.9604347138791478 0.11334709765100204 0.0791305722417043
0 0.1695221367765777 0.8345676891223818 0.07897209765100213 0.08414890340856677
0 0.1348599802709447 0.7972625580349494 0.048329851411925785 0.05081820616851011
0 0.21771559586863548 0.8806983952908919 0.10102895407749282 0.09078073295387128
0 0.28861678074579833 0.9799659638791478 0.09971049498543501 0.0400680722417043