0 0.4715792024946472 0.514649014600594 0.112375631037097 0.10439769334818116
0 0.4199234257724699 0.43793252060791177 0.16423965940862678 0.1690419960216353
0 0.32206859897115037 0.39221203528804754 0.14904055674305985 0.1298158640197263
0 0.3239911486545812 0.5140234006206384 0.12179609514371972 0.1060692813494537
0 0.29268131268206166 0.5432841866247747 0.12818248746358768 0.11082950668363552
0 0.37730035359000386 0.5875967132797753 0.09634145407749281 0.09015338001272681
0 0.446666467538342 0.6461444626034575 0.11862563103709686 0.10447041868236298
0 0.5292887509244368 0.6248774425923216 0.12220527210332363 0.12013178134945371
0 0.4477194683297648 0.34154786927118463 0.14421666442319178 0.12507382001909004
0 0.4103475004622184 0.3107433119430481 0.17293269780928675 0.14571358402290802
0 0.5167506131569153 0.3579262999284124 0.0755288489046432 0.07272952267663593
0 0.4831090505413608 0.2794382205999576 0.14729620031656906 0.12354768268618095
0 0.44504676088705963 0.24551775393859376 0.11729045157021037 0.11226473734881745
0 0.5149644557933525 0.23142743459582144 0.12831887978345566 0.1155170066836356
0 0.553018385260239 0.23879449192395805 0.16217705423577744 0.15183631468808995
0 0.5309364482715051 0.16563880259391245 0.1203699874635877 0.11073860001590834
0 0.5326413522698557 0.10704505259391243 0.07065949247815269 0.06642497867599957
0 0.5813145329903835 0.12522234058723095 0.15923391066226814 0.15804995202099903
0 0.605675686988734 0.06636496125082199 0.115500631037097 0.10443405601527203
0 0.6344910087754887 0.06915360658023126 0.06896060015828454 0.06171929734245414
0 0.6862975496834309 0.11384794123968614 0.14145537727617316 0.13753745735199913
0 0.7464310676301196 0.11392920989818651 0.0594946719450391 0.058485209341181475
0 0.731103932832099 0.18439625123332276 0.15968855172849494 0.17367495202099903
0 0.6297627416867299 0.2316536065802312 0.12859166442319178 0.12489200668363554
0 0.5779298055559257 0.3220700685869128 0.13198944906292792 0.1343033693507265
0 0.5159944437191586 0.43759561859486695 0.12877352084968247 0.13114200668363551
0 0.5035362446562306 0.5705081159293669 0.14806909012915473 0.15011018268618095
0 0.6525386636317689 0.17359565857736775 0.14163723370266404 0.14378745735199913
0 0.3889976861973111 0.3734705786123661 0.0820516335443795 0.08217724801081765
0 0.35601770163671737 0.35276772728359324 0.03868206677218975 0.04106135200509069
0 0.3705432028903586 0.3635325046149115 0.041852530878812376 0.0426602146721816
0 0.31523357726353796 0.3587091919557747 0.08485838479802066 0.07127611067790855
0 0.3377785155059132 0.4427932906190476 0.11853470282385156 0.10134541868236294
0 0.3802184166012698 0.5141501226130025 0.08977320533113406 0.079143154678545
0 0.3781043356433152 0.5868063726130025 0.09638691818411545 0.09171588001272664
0 0.7511149044605689 0.24820421256368658 0.11894387978345584 0.11540791868236289
0 0.6943193351810968 0.26760874057132256 0.10465405925034225 0.1074317866804539
0 0.7221200747562555 0.3321070452339591 0.16097826708875865 0.1643181333545444
0 0.7660004553976411 0.38079853656114115 0.10902331050398359 0.09654883068109026
0 0.6447703130777731 0.3868950899109132 0.13943823620994636 0.12189427601845378
0 0.612301142386375 0.4559996259150494 0.1734328029821361 0.162901084022908
0 0.7295341064929978 0.45307352589914096 0.05632420783841656 0.056886346674090406
0 0.7275229771052534 0.41482863856623187 0.13805759263643722 0.12812609468490824
0 0.6887272500665069 0.45979624057132257 0.04837531551854859 0.05210794000636341
0 0.6553775409744492 0.5054814579090042 0.1188529515702104 0.11228291868236298
0 0.7044288064138554 0.4838240865690954 0.08182431301126591 0.07436474801081765
0 0.6659369562555708 0.5451888479074134 0.07231292069139794 0.0695681600095451
0 0.6997891190294101 0.5627576085694136 0.10134720282385157 0.10114542401336309
0 0.5742184691876946 0.5033018872533673 0.1332791644231918 0.12494655068427196
0 0.644115780549608 0.5704342959102768 0.05310827962517113 0.053724984006999675
0 0.6641183919906636 0.6076888479074134 0.0739663489046432 0.07271134134309047
0 0.7109562880714554 0.6352593172342773 0.06560827962517131 0.0538704346753633
0 0.6880439738065481 0.6980047652371407 0.10451766693047429 0.10274428668045381
0 0.6727743264721152 0.6591331692393679 0.13493259263643723 0.12808973201781731
0 0.6075524917532368 0.6997223539147311 0.11554609514371954 0.10599655601527189
0 0.5563249608744244 0.7424916565881855 0.1395291644231918 0.12501927601845358
0 0.47774898297774815 0.6246961765993213 0.07222199247815268 0.06644316000954512
0 0.6013372471635131 0.5912376919160038 0.16263169530200425 0.16746131468808995
0 0.062210214173129684 0.4655244553230459 0.08857441818411549 0.09162497334499946
0 0.017208917392692685 0.4770710299968183 0.03441783478538537 0.0989829400063634
0 0.03207239360676278 0.5111824006604093 0.06414478721352555 0.0632454346753633
0 0.015958654460568954 0.5551960299968183 0.03191730892113791 0.0833579400063634
0 0.035087913433913286 0.548627856659773 0.07017582686782657 0.06954997867599957
0 0.08772703972080802 0.5011528726527734 0.06936977711788868 0.07578179734245402
0 0.1098748243605441 0.4915233339831372 0.05627874373179385 0.055323846674090585
0 0.03515075524567414 0.4416420599936366 0.07030151049134828 0.07894316000954511
0 0.03576870077878754 0.42291024132718213 0.07153740155757508 0.07274770401018134
0 0.008174898192362796 0.436555117998091 0.01634979638472559 0.06438976400381798
0 0.06063569081616469 0.5733187739895005 0.0850402412245114 0.07752611067790856
0 0.030651640274803993 0.6182954666613639 0.061303280549607986 0.0821590666772721
0 0.07101090116186368 0.5388346859882278 0.048238923198680436 0.047420440006363404
0 0.018273660728775114 0.6504630766629547 0.03654732145755023 0.055323846674090585
0 0.5429467709826966 0.7996592665897763 0.05618781551854859 0.05219884667409058
0 0.5210573991167996 0.8272484645926397 0.061102636051661816 0.06006589067472703
0 0.5435712451184491 0.8855604039226854 0.05646060015828454 0.06157384667409076
0 0.5292957964512326 0.8662018765913672 0.03693771034569906 0.03479317067154497
0 0.46798622341083673 0.8528575392664122 0.054534387305303154 0.049055665340545215
0 0.33390204308602034 0.6833819279519567 0.041761602665567034 0.039535214672181594
0 0.3716210034317193 0.6485796666136389 0.03211381802583091 0.030051126670908878
0 0.34776596628470074 0.6363614772835933 0.03859113855894432 0.03793635200509069
0 0.637131028504544 0.8641661145767315 0.03863660266556703 0.039498852005090866
0 0.6420087451184491 0.8844149799093224 0.04019910266556703 0.03951703333863606
0 0.7417503323446099 0.8652917152291867 0.03537521034569906 0.03477498933799979
0 0.5965514926111666 0.863076329248913 0.035284282132453625 0.031649989337999784
0 0.6910743824237522 0.8354229492361863 0.03206835391920819 0.0284886266709087
0 0.6115149145562058 0.8051092879137768 0.028943353919208194 0.02845226400381797
0 0.6106738285836861 0.8340155379137766 0.03859113855894449 0.037936352005090865
0 0.6243151282671171 0.9556905432447766 0.03211381802583091 0.0300511266709087