0 0.8002157477220999 0.46309485121750116 0.07431673151356151 0.07655397966689641
0 0.832558539886062 0.528802301936137 0.06770271046687384 0.06961029258539461
0 0.4210504344408633 0.29048546304957046 0.11225634727034195 0.11491768038553243
0 0.3580722923051363 0.2512572095789881 0.10573333148532651 0.10953649330403055
0 0.32042037386104993 0.22270291531960124 0.09424979991529536 0.09894754091140216
0 0.2843232501411743 0.18095408194540202 0.10738683674699834 0.11127241507440604
0 0.23701561063628315 0.14267879617857449 0.10564232622365469 0.10797399330403054
0 0.2122431237904628 0.13599779785256683 0.10591534200867019 0.11266149330403055
0 0.18181987642129874 0.13183482333024502 0.05153167889684287 0.05850107488163978
0 0.2517830369022901 0.09163570945639056 0.08598227360693614 0.09026793205952484
0 0.2984606158273678 0.0732274407972794 0.10620376834526431 0.09095991507440601
0 0.3191525474256338 0.0959678455825361 0.13356990514873238 0.13435966340041366
0 0.35819963687405526 0.07356746807154754 0.1086007262518895 0.07880675861515699
0 0.3028681237904628 0.1460562605343445 0.12061487884037306 0.12515978923740984
0 0.39748267377634533 0.14161781675687318 0.09746580517696728 0.10085688445215317
0 0.4307355185570258 0.19170026747550914 0.08102175782192056 0.08506016674839838
0 0.41394286070687036 0.23701447154212985 0.08763577886860804 0.09200385382990026
0 0.37663955275789285 0.17547425551236745 0.1305359104104042 0.1355753198596627
0 0.35036547909448695 0.19457450718635982 0.06099768415851479 0.06110410550389265
0 0.23146866381769898 0.7239253880453331 0.0843287683452643 0.08853201028914945
0 0.2846384374246352 0.6480514629269729 0.11234735253201392 0.11648018038553261
0 0.3172920427286593 0.6949222027604212 0.0975568104386391 0.10241938445215322
0 0.2533051374387526 0.6595134884046511 0.08910727360693613 0.0906147756002758
0 0.7495563240869288 0.509367987221049 0.1173078683170294 0.12168794569665878
0 0.7931096320359063 0.5716018903323133 0.12061487884037306 0.12515978923740984
0 0.8189749110456888 0.6405219039694474 0.11400085779368574 0.11821610215590787
0 0.7868302689805489 0.6794143903323133 0.11721686305535765 0.12012544569665895
0 0.7246109900413537 0.681157980402482 0.1040798262236546 0.107800571533655
0 0.7020758373822829 0.6495636929616622 0.10242632096198286 0.10606464976327956
0 0.7269386004658753 0.5736931759765433 0.11234735253201382 0.11648018038553243
0 0.7631127769436438 0.74912161820262 0.12217737884037305 0.1253332110077853
0 0.7013261375093398 0.7839378409283517 0.11565436305535748 0.1199520239262835
0 0.7380903901401756 0.7872320025321755 0.10573333148532651 0.10953649330403045
0 0.6812943585701445 0.7903638187986584 0.09085178413027997 0.09391319737065125
0 0.6316884716960894 0.7510471503762675 0.08258425782192055 0.08523358851877383
0 0.6413742848361516 0.7332509701133326 0.09921031570031094 0.10415530622252867
0 0.6972903558687216 0.7182269820764744 0.08919827886860805 0.0921772756002758
0 0.6575067900272362 0.6587703833911487 0.10738683674699842 0.11127241507440608
0 0.5893329136765246 0.6142476537242523 0.14697995776545092 0.15137203756341755
0 0.6473876083583832 0.562504915687394 0.12722889988706054 0.1321034763189118
0 0.6833775872411085 0.4980913119800913 0.12722889988706038 0.1321034763189118
0 0.6084307951477337 0.502353777887256 0.13218941567207593 0.13731124163003833
0 0.5384067214843279 0.5165982199907351 0.1387124314570915 0.14269242871154014
0 0.5677826793203659 0.45774092920193044 0.09259629465362362 0.09721161914102687
0 0.6188369451053815 0.45868963673913343 0.07936825256024882 0.08332424497802293
0 0.6652260976938651 0.4182329463096468 0.08928928413027996 0.0937397756002758
0 0.608831884525568 0.4009655516909419 0.10242632096198286 0.1060646497632796
0 0.5481450135071155 0.4303997353018615 0.1173078683170294 0.12168794569665894
0 0.5709748397307701 0.3354323747759918 0.11896137357870132 0.1234238674670344
0 0.6173115134365282 0.3633779887724438 0.09581229991529554 0.09912096268177768
0 0.477315844992442 0.3234645685534631 0.1305359104104042 0.1355753198596627
0 0.45059445029646616 0.3637452811126432 0.10573333148532651 0.10953649330403055
0 0.47655843984370955 0.444470755634965 0.09746580517696728 0.10085688445215321
0 0.4645820846102726 0.47459351412752443 0.145326452503779 0.1496361157930421
0 0.33248919240395836 0.35299568744929466 0.12226838410204496 0.1268957110077853
0 0.42534455033881835 0.4057619154421988 0.07597023677523325 0.07828990143727203
0 0.3964915082454436 0.4151403235754402 0.11225634727034199 0.11491768038553243
0 0.38244441879702223 0.44031544941243633 0.12879139988706054 0.13227689808928728
0 0.32344114511949884 0.44084338302335596 0.09737479991529537 0.09929438445215322
0 0.27379746089039697 0.415675925486153 0.1239218893637168 0.12863163277816086
0 0.2901967346385075 0.4851179085010342 0.13540542093374794 0.13922058517078922
0 0.3464999425451326 0.5039478031197391 0.11896137357870132 0.1234238674670344
0 0.4102971320359064 0.5291135565903214 0.12722889988706054 0.1321034763189118
0 0.46288380574166454 0.5577528576682754 0.135405420933748 0.13922058517078922
0 0.5533884374246352 0.677880007431555 0.1320984104104042 0.13574874163003817
0 0.4807468689523139 0.6155628015683443 0.13218941567207593 0.13731124163003816
0 0.5841834111162759 0.6891609428390646 0.09755681043863902 0.10241938445215322
0 0.5370662164344175 0.7421176332685512 0.12722889988706054 0.1321034763189118
0 0.5015606269154089 0.6902125498943519 0.12557539462538864 0.13036755454853619
0 0.43256770320965077 0.6597523202274556 0.07597023677523321 0.07828990143727203
0 0.42998102950389255 0.6366625158015168 0.056037168373499216 0.055896340192766306
0 0.4471685295038926 0.638570155275647 0.06926521046687384 0.06978371435577006
0 0.4321196531531809 0.5999437658015168 0.08093075256024877 0.08349766674839838
0 0.38117877943330536 0.5565474256087505 0.09746580517696728 0.10085688445215304
0 0.37458016893819657 0.5888396602976241 0.10738683674699834 0.11127241507440608
0 0.3354035478491568 0.545962733382674 0.08598227360693614 0.09026793205952473
0 0.3144995136482898 0.5538645003677928 0.07275423151356133 0.07638055789652114
0 0.3151141636765247 0.583812133023356 0.07762374203690507 0.08002582320764748
0 0.3362310295038925 0.6262572095789881 0.0711007262518895 0.07464463612614551
0 0.3489284505788148 0.6512555055123674 0.0726632262518895 0.07481805789652096
0 0.3736855268730566 0.6312005820679996 0.10738683674699825 0.11127241507440608
0 0.8242623795462449 0.7252428954768881 0.03472361049510866 0.03645435717788494
0 0.8616636690087838 0.7175995570807118 0.03628611049510866 0.03662777894826057
0 0.8509914795180098 0.6983301438028957 0.02976309471009344 0.0312465918667586
0 0.8401071874246352 0.7097029022954551 0.0462071420651398 0.04704330957051326