0 0.5274706795321273 0.6050116392084025 0.15166745776545093 0.13844666558343127
0 0.4575137662791257 0.5063344058474939 0.2222067418957307 0.2239671542193456
0 0.3280684609609842 0.4508401566582728 0.20495905773721593 0.16903419236879244
0 0.3319761690087837 0.6115458315771949 0.16572995776545082 0.13869212743398443
0 0.2905930348361515 0.6520714200509534 0.17546897881213824 0.14510576866768635
0 0.4037685980468009 0.705508291399153 0.13026289462538868 0.1193421095770768
0 0.49618434022488034 0.780379831984232 0.160951452503779 0.13704780681713338
0 0.6050356954583173 0.7472615945661337 0.1654415314288567 0.16053985389503395
0 0.4954904503670533 0.3768963218379623 0.19687354195220053 0.16421032467404081
0 0.4446860845396854 0.3379798721622739 0.2358296261389501 0.189864889608849
0 0.5865858872269911 0.39403718303989227 0.10077281570031094 0.0954136858759707
0 0.5409842318664972 0.2925934598252534 0.2013790314288567 0.16116714529089188
0 0.48958062656247303 0.25056564691904015 0.15846348933548188 0.14793075973923261
0 0.5837324449642071 0.22863037135149494 0.17270799985882573 0.15130122158978568
0 0.6340131660250119 0.23633773133560892 0.22084166297065302 0.2005296542193456
0 0.6037179922486666 0.1400900227314667 0.16296897881213823 0.14488758035608368
0 0.605924505332259 0.06200593303989225 0.09553928413027997 0.08595686525911972
0 0.6666954053604939 0.09498166883313744 0.2066881577089811 0.18996333766627488
0 0.6849973553040242 0.037089325286244076 0.12210178413027979 0.07417865057248815
0 0.7838451080054473 0.10260583929112796 0.1403813472703419 0.10547052434972923
0 0.8483710686134955 0.18732966680783786 0.17040204721387225 0.16530917451188504
0 0.7355679607492226 0.221297338073312 0.17343604195220053 0.16380122158978566
0 0.6675320503388184 0.34423600609237526 0.17894258930724724 0.17794554220663672
0 0.5859117820641413 0.4994104756535661 0.1739820735222315 0.17317622158978557
0 0.5701594374952224 0.6760684330398922 0.200529162970653 0.2001750982129913
0 0.7633282106786355 0.14666948498905688 0.18868161035393455 0.18435918344033878
0 0.4171610530402415 0.4219690884770538 0.11087585779368574 0.1080773271096728
0 0.37256888985782705 0.3969924078760888 0.05153167889684287 0.053970479707460585
0 0.3921078451336163 0.40991910186973435 0.05640118942018661 0.057177300324311585
0 0.31894336091863185 0.40651345820040036 0.11465330517696729 0.09253414772652384
0 0.3507632373399306 0.516782756496117 0.16067843671876353 0.13236030681713337
0 0.4070671742704556 0.6086742017075786 0.12310284200867017 0.10360801542127547
0 0.40381410067763684 0.7047270413991531 0.13035389988706053 0.1209046095770768
0 0.8953678949783246 0.23801941356142695 0.16029900512049763 0.152645533278183
0 0.821945805529903 0.2658364963531426 0.14091196828879476 0.1413807508107789
0 0.8584832740304591 0.3487074975709586 0.21550171558737147 0.21604556006354425
0 0.9110930635635853 0.41022565016874635 0.1354054209337477 0.12723643019392786
0 0.7556320188393745 0.42620698052483 0.1904415314288567 0.16097623051823934
0 0.7142797057698995 0.5198030219206878 0.23416071032569957 0.21481034253094827
0 0.8686409820782586 0.5093040783340793 0.07624325256024847 0.07625458279171564
0 0.8653486530825937 0.45863192248988066 0.18777155773721582 0.16873418344033878
0 0.8149244478773918 0.5203876286583909 0.06328822625188942 0.06822389448011279
0 0.7714859900413537 0.5828018539016245 0.16158848933548206 0.14798530681713337
0 0.8358060952747906 0.5504609123436109 0.11336382096198286 0.09719437418757337
0 0.7857158190370186 0.6332830949731708 0.09737479991529555 0.09067163879807012
0 0.8304899927427767 0.6551347755741357 0.13733194198043536 0.13351370373287813
0 0.6637189926721895 0.583902478089198 0.17968604195220053 0.1639103157455871
0 0.7563699532802379 0.6681353819048018 0.07284523677523325 0.07151253571381488
0 0.7839720375375746 0.7168222978952701 0.09921031570031111 0.09538641233702042
0 0.8414814296733016 0.7478171534151572 0.07864021046687383 0.0638091298696164
0 0.798786424482217 0.8242666051194405 0.1016828683170294 0.1110386858759707
0 0.7896158218090289 0.7807211566615682 0.1701290314288567 0.160621674511885
0 0.7087683692346627 0.84222744683961 0.1579174577654509 0.1385557597392327
0 0.6429011745528042 0.9011308883976235 0.18906104195220053 0.1640739569792892
0 0.5370214428274813 0.7492292435104735 0.09719278939195171 0.08754663879807012
0 0.6999988559393087 0.6979962057680636 0.2189907366340588 0.22235010714144482
0 0.021331155501668225 0.5610914586041422 0.04266231100333645 0.12156708279171564
0 0.0326064371069929 0.6060903129062133 0.0652128742139858 0.10152731818121907
0 0.04740374793386143 0.5930993892051071 0.0761522472985769 0.07469208279171564
0 0.020042400310583543 0.7024431615262415 0.04008480062116709 0.10136367694751698
0 0.0145431937193763 0.6579937321430925 0.0290863874387526 0.06359094155801373
0 0.6258887088242584 0.9654252134787015 0.07451415258848364 0.04656708279171582
0 0.3463516692205452 0.833724794645564 0.057690673635170955 0.052517073863261744
0 0.3959568270707007 0.7860315884770538 0.04290013154179615 0.03977161201270896
0 0.36396337442574733 0.7725418327950109 0.05125866311182729 0.04928297970746058
0 0.7143596746233914 0.974026871758532 0.03583108418674961 0.025600017856907444