0 0.6211747597359374 0.6383498107494961 0.09667617694751698 0.07923406134627217
0 0.5085929391190863 0.6323532547342241 0.09738528896022594 0.119859061346272
0 0.4601554391190863 0.6317896333943154 0.03670115909060954 0.044168170671545326
0 0.5668048595737816 0.6111600547421784 0.09088982710967279 0.10572383601209037
0 0.6744985827884203 0.5608611574235868 0.10476141233702041 0.09494996801399935
0 0.7435389090873142 0.5335452267663591 0.09250687418757338 0.10886701734563572
0 0.8083417487788888 0.531956002108495 0.09503185633066594 0.07452838001272681
0 0.7645684293798537 0.48536226543599525 0.07989778003177221 0.10247156667727211
0 0.6955826501588606 0.5158031960932229 0.09187958279171546 0.07292951734563573
0 0.6585696197200513 0.5880140034213597 0.02853410308425506 0.023764764003817974
0 0.6502486051095546 0.6035390060868597 0.04421365016215582 0.027071577339272325
0 0.7008253035674271 0.5924111494270866 0.06633411201270878 0.04138861600890866
0 0.5831371972367612 0.517619140077951 0.1327500446422686 0.08746473201781732
0 0.6776860381461517 0.4749782014242231 0.0666068474022122 0.05701361600890866
0 0.7410803364418683 0.4374423860995863 0.11591710064862308 0.10757723734881744
0 0.7205360113607904 0.42392477876349555 0.08571140340856669 0.0775442920114541
0 0.6956626964259823 0.38614296809354115 0.08406708279171564 0.07283861067790856
0 0.6766769172049891 0.4171657014242231 0.05769549756436802 0.08346702800763595
0 0.6305831672049891 0.4166293520846325 0.09754893019392785 0.1292340613462722
0 0.5629377455324779 0.4791106234086329 0.07833528003177222 0.10245338534372675
0 0.5633508027566483 0.4580259640754056 0.11904210064862308 0.10761360001590833
0 0.5295173193957398 0.5333981340706331 0.07940685633066594 0.07434656667727228
0 0.46411050770734247 0.5451345180617244 0.12170345048646727 0.08108746268299924
0 0.35499856046728595 0.514183415380316 0.14067163879807013 0.09380563868554467
0 0.40113717491562684 0.4725413553866794 0.13332278896022592 0.12027723201781733
0 0.35352183522405234 0.4743305747135433 0.04755683847375849 0.039607940006363404
0 0.4766320527566482 0.45701690006363344 0.07342959172016936 0.08989884134309048
0 0.39389169074393937 0.4154373800524976 0.13121481818121908 0.08900905068427196
0 0.5346570125786064 0.3803640407383603 0.09667617694751698 0.07923406134627217
0 0.4924110113607904 0.4212703040658606 0.09360572402541774 0.08232269867918127
0 0.5935410888775003 0.35292993141308726 0.12858074188232518 0.11709768801718105
0 0.6498319991859258 0.3559282094207233 0.06345457386326192 0.05541475334181776
0 0.6478467593321955 0.3316912780871778 0.022120461850553143 0.014317038669636161
0 0.6147342504037419 0.31412197008272347 0.11526253571381488 0.07007723734881743
0 0.5899973031636854 0.2841526594127691 0.03977161201270896 0.04107953333863605
0 0.5522069768647915 0.31183221674090567 0.11756142126547413 0.11228291868236298
0 0.4829348254848197 0.3258668973981334 0.10212733603812651 0.12303860534690844
0 0.43552008319545743 0.38389702605822457 0.13771028003177205 0.10314427601845369
0 0.41225017856907475 0.3484771467218156 0.09015344155801355 0.06353633601209037
0 0.3678825698027769 0.3573339787157705 0.02384660308425506 0.023710220003181702
0 0.3403575876596843 0.39138171471195243 0.09659435633066601 0.07454656134627217
0 0.33728318059766965 0.43899251137808887 0.0635091209411625 0.058539753341817755
0 0.6234406432590017 0.5891674234165871 0.08080571509696384 0.06498974801081765
0 0.5054309829505762 0.585450982733906 0.10903980925276535 0.07156701201463563
0 0.46635484618110096 0.5842151993952699 0.08236821509696383 0.0650079293443632
0 0.615014488632619 0.5539202667488599 0.03489319724005639 0.030087489337999783
0 0.4026059918790299 0.6014385147199066 0.08425799756436803 0.08377611067790855
0 0.3615952081938098 0.6236129593809523 0.08771028003177203 0.10256247334499946
0 0.44041568343704346 0.6643657760582246 0.12658186525911969 0.09207950668363551
0 0.4136174042160503 0.6952976027211794 0.0933602621748646 0.06826019867918127
0 0.32718898051494416 0.6661726293761798 0.13749209172016935 0.0906442760184536
0 0.3065531521874554 0.6026641127068618 0.08137845941492108 0.09780224801081765
0 0.33162529017474657 0.5623391047103616 0.10454322402541774 0.08244996801399936
0 0.2780599594116258 0.5812430987030438 0.046130706168510206 0.04740225867281787
0 0.5490041103878557 0.26258619474058753 0.11558981818121908 0.08882723734881744
0 0.5187302293004235 0.22864699940322408 0.06542617694751698 0.07887043467536328
0 0.48690748498246633 0.19547087273231517 0.022338650162155815 0.02681703866963625
0 0.4716058133099551 0.25856121873008797 0.098893241882325 0.11675224267981754
0 0.3869950340889619 0.2888203360518612 0.1302796095770768 0.12492836935072642
0 0.34266833563108945 0.3000209180458161 0.09247960064862308 0.10730451734563581
0 0.3605592191541537 0.25102034404836143 0.04755683847375849 0.03960794000636332
0 0.340250673294069 0.20626182737904336 0.08474892126547413 0.11190111067790856
0 0.3752063258918568 0.15042999805058857 0.09598643019392786 0.12921588001272669
0 0.45213701866768635 0.17241463339431537 0.10708757142762995 0.1387181493475448
0 0.39693704991727446 0.23191635538667937 0.11142051542127547 0.11846019334818114
0 0.37904971509366864 0.5496123853834977 0.0619466209411625 0.05852157200827239
0 0.3866827573003054 0.7184169293841339 0.08571140340856669 0.07754429201145392
0 0.5199492248329014 0.7012214334022696 0.05386138555165907 0.04280566534054522
0 0.5502816071381496 0.6937634694064057 0.022284103084255234 0.02369203866963616
0 0.6080668335991992 0.6928736787475872 0.06973184740221221 0.05704997867599957
0 0.7122497731286179 0.665185578095132 0.07345686525911965 0.09146134134309047
0 0.674541267446575 0.6975526354232686 0.07669095941492117 0.09774770401018137
0 0.5386270868456101 0.7420555187380422 0.07115797970746059 0.04925566000954511
0 0.48787311038456044 0.7430271253978151 0.0749102711033185 0.08522952267663583
0 0.3121776351413268 0.7011470660407253 0.05709547970746058 0.04909202800763594
0 0.43904014406978054 0.7198072540579064 0.042678423701106104 0.028615896005727136
0 0.46291797483290137 0.7005578147278608 0.06789661201270895 0.041406797342454026
0 0.6736685142001642 0.6475526354232686 0.03651024431795715 0.03323067067154532
0 0.6707383831127319 0.6139316134229504 0.03505683847375849 0.039462489337999784
0 0.5680651708551417 0.7728606234086328 0.09963753571381488 0.06989542401336309
0 0.4695146225594251 0.8099873587284971 0.08121481818121908 0.08842724801081765
0 0.5475168916341485 0.8038651754057694 0.07011367694751698 0.07892497867599957
0 0.403003232543539 0.7584424927195885 0.07466480925276535 0.07116702267663584
0 0.39657200040044654 0.792735676718634 0.1011727621748646 0.06835110534690844
0 0.3727799443940921 0.7721504567154522 0.025190914772652385 0.011228401336727067
0 0.39251179179630435 0.8286186327179976 0.07921594155801355 0.06340906667727211
0 0.6697600844099781 0.826377069422314 0.07504663879807012 0.09304202267663583
0 0.7674475620888439 0.7845537434356771 0.09207049756436803 0.08386701734563573
0 0.7062646002382907 0.7697821714274047 0.08137845941492117 0.09780224801081765
0 0.8085947134688155 0.7701917987746313 0.07639095048646719 0.08056020401018138
0 0.7534435633066598 0.7429929521005408 0.07647277110331849 0.08524770401018138
0 0.7223747954497524 0.7082634160964046 0.05736821509696401 0.06471702800763594
0 0.7917578153352547 0.8348264634388588 0.06995003571381489 0.06954997867599957
0 0.834299871341609 0.8556298594445858 0.07762616801906326 0.06182838534372692
0 0.7374794184195098 0.8576276167647683 0.08110572402541774 0.08217724801081765
0 0.6466010482891261 0.931554918085587 0.09360572402541774 0.08232269867918127
0 0.5462055819743462 0.9077350627386785 0.08713753571381488 0.06974997334499947
0 0.5988572491826305 0.8364873187459964 0.07795345048646744 0.08057838534372692
0 0.6506185722351135 0.7589804840865415 0.0733750446422686 0.08677384134309048
0 0.6214980880634261 0.7016219700827234 0.05410684740221221 0.056868165340545215
0 0.49313908319216215 0.8657197380649062 0.062110262174864594 0.06789657200827222
0 0.4918317276722751 0.9250674660645879 0.08716480925276535 0.07131247334499946
0 0.4352271716659207 0.9041004380569518 0.03185001785690744 0.0347386266709087
0 0.46317489366274345 0.89427145206077 0.08201365909060954 0.04469542934436319
0 0.6798169228837366 0.8655486574235868 0.05528751785690744 0.03501134667409041
0 0.43971407426370845 0.847914072724361 0.03955342370110611 0.028579533338636054
0 0.33259132101729755 0.7966777420432708 0.057013659090609535 0.044404528007635946
0 0.35557485348470164 0.8156913713796797 0.025436376623205435 0.025290901336727244
0 0.2931703108710278 0.820432868037862 0.07628185633066593 0.07431020401018137
0 0.3272628928519645 0.7599044480426345 0.06200116801906326 0.06164657200827239
0 0.28269113798399587 0.44382491470399826 0.062082988635914306 0.06633407200827239
0 0.24228432629559862 0.4558522000318167 0.06504434740221221 0.0569954346753633
0 0.25172751014297445 0.4598675380330894 0.04437729139585782 0.0364465773392725
0 0.31517240137667646 0.4699788820416799 0.05725912094116259 0.058467028007635945
0 0.2717769573830309 0.4897823047024074 0.06367276217486459 0.06791475334181776
0 0.23363207507778264 0.49714936203054405 0.07153980925276533 0.07113066000954493
0 0.2859173238599666 0.5391555960375437 0.05399775324641087 0.05061816534054504
0 0.23902868709049147 0.5378289060311804 0.08091480925276526 0.07123974801081764
0 0.23939687986632102 0.5589226560311804 0.07754434740221221 0.057140885343726924
0 0.23921564772322848 0.5932885653644077 0.06496252678536116 0.0523079346753633
0 0.27254634496328495 0.6233578733688621 0.05720457386326192 0.05534202800763595
0 0.3141571465054125 0.6355584287078162 0.0411431972400564 0.030160214672181596
0 0.22254634496328496 0.6227760706954077 0.07263865909060954 0.044586341343090474
0 0.23984293911908633 0.6292260653644076 0.04755683847375849 0.039607940006363404
0 0.19548501298234822 0.6833863066915897 0.10111821509696392 0.06522610534690845
0 0.23812252637502884 0.7096584526973168 0.0947591209411626 0.05890338001272681
0 0.28599696468663155 0.7227129833704529 0.03799092370110611 0.02856135200509069
0 0.24801572361508528 0.7394550406985895 0.05068183847375849 0.03964430267345413
0 0.2128264715864904 0.6476578920273625 0.033276150162155814 0.026944308004454243
0 0.2720611497518234 0.6850584420353165 0.05547843262955983 0.0459488466740904
0 0.27379124512544073 0.6499294640356348 0.05218979139585782 0.036537484006999674
0 0.23723613635914279 0.6588772026973168 0.049201159090609535 0.044313621339908946
0 0.21255946468663156 0.7218584606938169 0.06320911201270887 0.04135225334181776
0 0.1739469780793122 0.7471851773551809 0.07148526217486459 0.06800566000954511
0 0.17264753083925571 0.7174885866884081 0.03623750892845372 0.017605670671545327
0 0.2178742560824894 0.7578505046944533 0.046130706168510206 0.04740225867281787
0 0.29440948254353905 0.7571788900381801 0.0808602621748646 0.06811474801081766
0 0.24214359902047472 0.8057794746976349 0.06671594155801355 0.06326361600890858
0 0.18331802393939686 0.7918164246896808 0.08409435633066593 0.07440111067790837
0 0.15313960023829074 0.7633459793523173 0.034865923701106104 0.028524989337999785