0 0.2403867865046009 0.2743408108860762 0.14139001666989942 0.08906511284152785
0 0.246732252415896 0.21571069329489562 0.24075203000581896 0.15999716831236127
0 0.19552095453222956 0.3463437506655901 0.21029925546001177 0.14993118407993072
0 0.4118474561992195 0.33273127308267325 0.18341776212797162 0.18361519984750013
0 0.5222430801362036 0.394102571335312 0.1915809484924896 0.20719817021222245
0 0.5333233277203077 0.17239122549562452 0.16910042848861018 0.10374586189159736
0 0.627806780295683 0.18032905243361058 0.07815669303247788 0.05952177678548613
0 0.6082438372632053 0.23848704454982586 0.19904276212797142 0.18397887575930572
0 0.34454812801987 0.26879736607256915 0.1863515724294736 0.14313567021222234
0 0.3205529054406151 0.36214797577996494 0.12375597758022465 0.12140483415618064
0 0.48112361468395043 0.3342379152751384 0.20685526212797162 0.1841607137152085
0 0.362469596347061 0.431351264248958 0.16383884364130097 0.13481402393569458
0 0.2875176516475933 0.4993758720564928 0.15899184697528082 0.15185605357097245
0 0.18780482300920182 0.5555005451185068 0.18711684697528086 0.15251067021222245
0 0.24416652225059746 0.5814805104492359 0.17069462152108805 0.16148562670923622
0 0.37734555513135437 0.5261364341768399 0.15290134364130098 0.1345594507974308
0 0.42909950270576014 0.5608010684855205 0.15806707576345355 0.15963218597979179
0 0.6782696816534124 0.33588741499079805 0.10219997091226496 0.08659342306201392
0 0.6126446816534123 0.33741485382038144 0.1440045757634536 0.1593048776591668
0 0.7108431945302899 0.3858140265980549 0.08957242515463051 0.08473998233256949
0 0.6654510751352337 0.41650163535552026 0.1445786606107628 0.12812761284152785
0 0.38118829012844485 0.6032437948341662 0.1070150166698994 0.08826502583555573
0 0.5832924083155531 0.45818194871013845 0.0751272878817268 0.0797251740119446
0 0.6283020193756595 0.4703903547703119 0.1370212521260319 0.13107077488562524
0 0.566615349221999 0.5287490218484022 0.0872446506088231 0.07532861474138883
0 0.5208243592239385 0.4783502847661801 0.21638975879399175 0.16722778685347245
0 0.3043548520969369 0.6370025054152427 0.18073930121764636 0.15080269984750014
0 0.3573046378526318 0.6856750883371524 0.17812448424818453 0.156979964665139
0 0.5261020484633946 0.5569837778323259 0.1407839809142047 0.13895601006798622
0 0.4594409648240333 0.6380714300927773 0.11428538273097573 0.10091049620027785
0 0.5612425808851096 0.6232257204616314 0.13249324879205204 0.11381053970326391
0 0.4822248895196218 0.674190114838298 0.10232751666989941 0.0881559230620141
0 0.5852861166408044 0.6725711038203814 0.1679842097023773 0.1473867591180557
0 0.5320496752753165 0.7229354329425689 0.17876221303635714 0.164792464665139
0 0.6664731173897105 0.9007123279848258 0.12707242515463052 0.08561280452090259
0 0.636689506788646 0.7688453853555203 0.07448955909355419 0.0719126740119446
0 0.5040205280004733 0.7797309468102773 0.07656224212409235 0.07819904160312525
0 0.41647311738971043 0.906531142573715 0.1930798045516262 0.16824477298576426
0 0.3643522501206862 0.8094937948341663 0.15752494182452983 0.17209581838861113
0 0.5794514784498169 0.9159937954997563 0.16007611485312837 0.12692878875333377
0 0.654052478908859 0.7949532904657632 0.06642196757828493 0.0686058360560418
0 0.5855097729995035 0.8035665306821175 0.1480543469752808 0.15160148043270852
0 0.49427938193357795 0.9468275278323259 0.12056733363936126 0.08234233415618064
0 0.4693113328419636 0.9661230417000344 0.09250623545613249 0.04426045269729144
0 0.47092150132863414 0.9177400930868049 0.09177265394280312 0.09258884992375016
0 0.6102070129975639 0.8544562302452772 0.15953398091420468 0.13939242116215303
0 0.5124072417857365 0.8489348884896522 0.13128143515657004 0.13717530452090293
0 0.4510073561798228 0.8464651583412841 0.1322062063683973 0.12939917211208335
0 0.4181944693659611 0.7326033333031593 0.15988466727872255 0.16279355357097228
0 0.3051364889107986 0.7516098660725691 0.1629140724294736 0.14259015634451408
0 0.26623335663886477 0.7314616734432636 0.04719373545613248 0.04320579255305575
0 0.2706816116398346 0.7056258720564929 0.0747766015172088 0.056324041603124896
0 0.24592034088704925 0.5791003928580553 0.1774548045516262 0.16788109707395832
0 0.289558254831792 0.4361673572388539 0.12420251666989941 0.08866506933854179
0 0.7707750145438675 0.03391387300642331 0.13344997091226496 0.06782774601284662
0 0.8149875290877351 0.06524564703902709 0.13195111485312835 0.12627417211208342
0 0.6590731425637376 0.30358406126732584 0.07136455909355419 0.07183993882958344
0 0.8671083963567593 0.16228299477857566 0.09824579454968649 0.11457295269729176
0 0.8284280178778474 0.015671712862187166 0.061893964244305176 0.03134342572437433
0 0.7202330095428977 0.05993183895428792 0.14846893515657006 0.11986367790857584
0 0.726881751207948 0.09380836455395772 0.10519742515463051 0.08510365824437507
0 0.6082912478739682 0.11372343389249948 0.11792056576151388 0.10723323138263896
0 0.6716679637852632 0.053765899223228594 0.07643469636645754 0.07663654160312505
0 0.6847599581560735 0.667136761780416 0.14167680121764636 0.1498935100679862
0 0.6762138766427441 0.6189902025098605 0.13093074879205205 0.11377417211208343
0 0.7100931218109522 0.17529475389663135 0.1205034318225902 0.11976959897381953
0 0.9298488017973746 0.5304316231033325 0.058673111519148335 0.10741376291777786
0 0.90453032421715 0.649545299015138 0.0878823793969957 0.08314111474138901
0 0.8093278472651448 0.18234222806107572 0.10621779121570674 0.09760365824437507
0 0.7854919924139564 0.2546354553596521 0.12251247091226496 0.08706620174736121
0 0.83220762468589 0.27460181003305484 0.18389625212603206 0.13216180262104177
0 0.9040506737775045 0.2542152684299298 0.06473192182065049 0.06700696846486114
0 0.9054695236277233 0.20817606981670062 0.041166876063016035 0.06489895459715281
0 0.9294335689263159 0.32536291660631866 0.06211710485118864 0.07318423328250008
0 0.8974184233184627 0.37367378324756867 0.126402745458072 0.09651393692972236
0 0.8371664495312597 0.35714155309920065 0.09607751666989942 0.08801045269729171
0 0.8807887748356713 0.31947724572850617 0.14588606909549356 0.12503898043270842
0 0.9447717843785689 0.3858276379209714 0.050254833639361604 0.08070579255305557
0 0.8792106861953402 0.4247823415681937 0.15491038273097574 0.10185605357097241
0 0.8973071108909284 0.4610101290872562 0.11664510818516831 0.091608231382639
0 0.9349825830111413 0.48664525551215193 0.0529971963664579 0.07609102773541672
0 0.8410577555806981 0.6533619364579506 0.10111570303441733 0.11152068787965277
0 0.7924766054309169 0.6084865007624993 0.09671524545807202 0.0958229526972918
0 0.8029997751255354 0.6706228248506937 0.05822683030538149 0.06373649810013901
0 0.7881077119490953 0.5282723239007632 0.10009533697334128 0.09902068787965276
0 0.8591696399786638 0.5461124809108673 0.06345646424430526 0.051381968464861136
0 0.8076714286092965 0.6993654206903812 0.052518964244305175 0.05112739532659738
0 0.8644953845186517 0.6910249374078812 0.07959164727484307 0.05799564437666671
0 0.6928908067983442 0.5102146145539578 0.06616687606301604 0.06548083605604163
0 0.7672528201342639 0.43986444054201324 0.07656224212409235 0.07819904160312507
0 0.7385699686170553 0.4951156382053118 0.08239765394280311 0.09237064437666671
0 0.7394310958880191 0.5418815354317702 0.07879442182065048 0.06733427678548623
0 0.7978970422544768 0.4656632211272216 0.07085437606301603 0.06558993882958326
0 0.846653535586517 0.4988380906182631 0.07930460485118865 0.07358427678548622
0 0.8518834274013486 0.5876096498888187 0.09046524545807202 0.0956774823325695
0 0.9030313392200593 0.5723833869710409 0.09256987939699571 0.08325021751493064
0 0.8062194674091071 0.38281435353604093 0.09359024545807211 0.09575021751493065
0 0.7430817386209345 0.3920815571832632 0.08928538273097572 0.10032861474138902
0 0.6511976433126436 0.5337982381290619 0.08086710485118864 0.07362064437666671
0 0.6040357298269428 0.5575091482732981 0.07397937606301604 0.06566267401194459
0 0.6538131049718748 0.7310180770348953 0.08593724212409234 0.07841724715020834
0 0.7507675954289772 0.6609218229508327 0.07863492515463051 0.08448540919430556
0 0.761561316341242 0.5764559039728813 0.07203423879011232 0.06093880642076392
0 0.9382987727096394 0.4460202555121519 0.05376247091226496 0.08546602773541671