0 0.6390732780730882 0.5877062704114029 0.13407221622369897 0.12455892619541978
0 0.502585065550017 0.588382562645952 0.09517040252860873 0.10049979991529553
0 0.577444165642302 0.558239307313693 0.11984902991878954 0.1455238735787013
0 0.34896871221852943 0.550421289109603 0.15654799352159499 0.13520799985882553
0 0.11692816780177043 0.5737622656438413 0.18922079117755658 0.11064761561560629
0 0.6682484407807296 0.5117731019673165 0.10959384793281668 0.08265985253201383
0 0.538330403303801 0.49558041261771707 0.16403912091177605 0.1792310156438411
0 0.4170166078073077 0.5041980074689848 0.10112001387966063 0.09617632096198285
0 0.3614267442967874 0.45391031015629046 0.10656897748246603 0.08404034200867017
0 0.2939295612310803 0.4915398417969087 0.18301036397194573 0.13519258930724706
0 0.06083645897932697 0.47012205517696726 0.10540699568106335 0.09019933674699843
0 0.23265209978774326 0.5177691418533785 0.06610466378737553 0.05989021046687384
0 0.2612579611387953 0.5241402391943076 0.0608163864894796 0.05024219468185844
0 0.2708937769933541 0.5450897760260106 0.04262759099298643 0.03361613680346807
0 0.47353671807862563 0.4910224442583354 0.09480945712440043 0.11915879465362345
0 0.628162463759689 0.415338446747997 0.11235790252860874 0.10150085779368574
0 0.7394096468253959 0.3802570624341905 0.15202117982650448 0.11315098933548198
0 0.7442881115079356 0.4142603361117138 0.08319203423772628 0.05932876834526422
0 0.6709216602436313 0.45782134933648067 0.15883238433001132 0.09798101564384112
0 0.6737438764673304 0.34036083355146507 0.1419848457733483 0.126576452503779
0 0.5950273935861935 0.3083303125753648 0.10977312307124443 0.13404034200867015
0 0.4620065376338123 0.40174013637994505 0.14711243676633484 0.15800846302712265
0 0.5861647308785521 0.3854465494211852 0.08928134793281686 0.08147678413027978
0 0.5346325092561821 0.39420762841685014 0.09783432757475108 0.11777830517696727
0 0.5181249321428563 0.3336495600151161 0.08379281153562204 0.0687037683452643
0 0.5331584492617194 0.3070793547393268 0.05210272054263569 0.03572466837349921
0 0.47471489358619345 0.3013229074266325 0.08146884793281668 0.08102175782192056
0 0.5311243823274265 0.2654000889543112 0.10626858883351815 0.07935284200867017
0 0.4737321869232183 0.2432373916416169 0.09180557063492074 0.07228379465362363
0 0.43548001773717193 0.19160700220731292 0.13723678901808825 0.1496499314570916
0 0.39385252467700227 0.14370085224966522 0.11037390036914027 0.14341534200867018
0 0.31581835980989253 0.17444334705858053 0.1357744185677376 0.15112142619541977
0 0.29901278917497176 0.24090280496520572 0.13140829117755654 0.10728042093374794
0 0.2679549514211878 0.33397797077845615 0.10823160703211539 0.08569384727034209
0 0.28809866826319575 0.41121530496520575 0.13244915946843888 0.14781441567207598
0 0.43261822871908373 0.3341585232540003 0.08675712523071262 0.09066977360693614
0 0.21607467150239823 0.4705378260824803 0.0703916455887783 0.053913226251889414
0 0.40260935610926474 0.2884974127588915 0.07215440468807692 0.05712923151356133
0 0.439878818632336 0.2820422864081799 0.0427277205426357 0.03517863680346807
0 0.37881091070505657 0.2682913285721419 0.049278109191583666 0.04023015785015547
0 0.15827146591915728 0.4303153735081141 0.16077441856773755 0.15257751038216938
0 0.13439507248984733 0.5214563129988878 0.12345608883351811 0.08035389988706054
0 0.08517392736249438 0.3962596209478654 0.12399630937615384 0.11307539462538863
0 0.1783021661037274 0.36247542612483263 0.10646884793281677 0.08247784200867017
0 0.09624063772609733 0.3459333972562246 0.13449371838316743 0.08255343671876343
0 0.10968137646733034 0.30750793408792754 0.07760336829088237 0.04499325256024882
0 0.12270181061277152 0.2878779735504664 0.06520349784053167 0.04582771046687402
0 0.05444421846160917 0.2759702367752332 0.10888843692321834 0.12015985253201392
0 0.10547354025470593 0.2508029077795683 0.07591975478036198 0.09159523677523325
0 0.06060113124769233 0.21682274992941286 0.1076704025286086 0.10122784200867019
0 0.011229791795865394 0.2541260578783903 0.022459583591730788 0.13637711575678066
0 0.030451358730158383 0.3194626315417962 0.060902717460316766 0.10142526308359248
0 0.3592412854743439 0.35340978121709526 0.14196386181247736 0.17483194198043533
0 0.042060684763750016 0.17575042889684286 0.0767417751384276 0.0558397472985769
0 0.016668263418235303 0.20830532366340587 0.033336526836470606 0.09161064732681175
0 0.009996305523255115 0.5758568447100932 0.01999261104651023 0.06871917889684287
0 0.015649576651900473 0.5080246026026011 0.031299153303800946 0.0910492052052021
0 0.058773766966592214 0.535838060438639 0.11754753393318443 0.10342737884037305
0 0.028859777916204764 0.4281473868034681 0.05771955583240953 0.12191977360693614
0 0.02532376773717196 0.37318687101845255 0.05064753547434392 0.08387374203690508