0 0.57827338854838 0.10913099229247655 0.20408049019805521 0.15500744518583764
0 0.5312815198867133 0.1416746381282194 0.13361216531583314 0.11084071638103259
0 0.3463891100375004 0.17473561218786107 0.1339634798304627 0.1325606761762697
0 0.29622301470291706 0.17274316884265556 0.06994064458064804 0.07354414839527923
0 0.6378254628649542 0.2162942031805272 0.18349458812453676 0.14986692252391984
0 0.5868685556076395 0.23219298973294017 0.15624858294074037 0.1394187390429504
0 0.6665765965123619 0.3125732382662174 0.1534557736099071 0.12520119883818753
0 0.4947207203578247 0.29400024119966306 0.16904110885972196 0.17941148027152787
0 0.4199838519789821 0.25417352154018985 0.11486216531583313 0.10898023392387772
0 0.3732359910930099 0.27507593747831416 0.12736216531583314 0.11022055556198093
0 0.36446587530606533 0.22483127921879892 0.10576056738935166 0.11117499269530026
0 0.2918390196038894 0.24055687863789266 0.08794835080120356 0.08462459064767121
0 0.3413811068799544 0.3293516410616651 0.1294714694628702 0.11662559576674392
0 0.3511573565971305 0.4035049689116546 0.12593636635259245 0.11162801535721804
0 0.5777970605086118 0.30047182014246604 0.0821672425071295 0.07165947003338254
0 0.6599172019317139 0.37983825836859886 0.11818265494824054 0.09382035453816648
0 0.5909129237036582 0.35415760778769256 0.08134703628657398 0.062284470033382444
0 0.619614830678149 0.4155904732829086 0.16296747464666642 0.12769394006676502
0 0.5184139156451398 0.44809177628535324 0.15556507775694417 0.13160623904295043
0 0.39738851616351945 0.4593261421544786 0.1384554901980553 0.14849575658579556
0 0.5170947148912045 0.3746482273091678 0.16263528397749968 0.1416013998620021
0 0.48258088826555606 0.19374953396396227 0.11560445909527761 0.09976027412864061
0 0.5450653070682419 0.5329621417805692 0.1418347684261109 0.11630341740484713
0 0.4804655648439363 0.5277550803806115 0.16603368605101831 0.14503648027152777
0 0.2902301270494917 0.45369518638550066 0.1542759798304627 0.13457619883818756
0 0.2682765060787508 0.4125033497640887 0.07761644354388882 0.07275684941909373
0 0.3054538773323156 0.37706121525930464 0.0721087373233332 0.062916728804805
0 0.2778948053248155 0.3379745193545628 0.06837814458064795 0.07338910819051633
0 0.5034642759654642 0.5835581066948791 0.10412015494824053 0.09242499269530029
0 0.49266418553185326 0.6450382474115492 0.06722574769092589 0.07792156798575327
0 0.44442146663463084 0.6033570942711066 0.13185417568342572 0.12615563597150672
0 0.38061324486268655 0.6422161622568601 0.11954966531583314 0.10944535453816648
0 0.39642275551310296 0.5500347112330455 0.1253307736099072 0.12241047515245515
0 0.2576917376526399 0.5157833899688515 0.1744517787937035 0.1350292215001053
0 0.3117552295941216 0.5971593018807168 0.15544750056564788 0.16567115863342466
0 0.180202433222779 0.6047914491831824 0.11288956220555538 0.10413769371911492
0 0.22955788425953821 0.5983451827331508 0.11779167568342572 0.1247602741286407
0 0.19361153086643654 0.6816821765212646 0.14810389227157378 0.15255099781437292
0 0.19788078289268682 0.8276329842688727 0.1368929901980553 0.1483407163810327
0 0.26456043496620535 0.817918775566449 0.12724458812453676 0.14428547515245507
0 0.5658459902445381 0.4813342196305587 0.12023317049962934 0.11725785453816648
0 0.25712793524902927 0.7435328874093152 0.11513556738935167 0.11210523392387764
0 0.2639534251642607 0.6832215972045523 0.12859247464666643 0.12428305556198094
0 0.3439833862857885 0.7333656560449738 0.14960760367592565 0.16973849781437292
0 0.34020498392944604 0.8119618256354479 0.16331878916129608 0.149413899862002
0 0.39464847615375165 0.8181766483663647 0.11521347983046279 0.13070019371911493
0 0.4079775357674089 0.7277902576496946 0.10480366013203687 0.10023749269530029
0 0.44268401790694584 0.676329473656818 0.09658105702175916 0.09477479167148566
0 0.30743214867963137 0.8678775493211802 0.10622945909527762 0.09883003290006301
0 0.8802693666818993 0.4106374688827401 0.10113185598499967 0.0936774122857745
0 0.8225539029684731 0.36215157707325646 0.07509703628657398 0.06166430921433079
0 0.8745874202632884 0.555252287961307 0.11812386635259245 0.11085281433340341
0 0.7652602298769455 0.4770365533185251 0.09542866013203692 0.09930725146672277
0 0.8220474721012512 0.48301881574229755 0.07720634043361088 0.06806934941909368
0 0.8211089801597694 0.3963715368684936 0.06884703628657399 0.06104414839527923
0 0.7738430008949546 0.3700828234209066 0.0821672425071295 0.07165947003338254
0 0.8131796114981029 0.42503917758516374 0.10792866013203692 0.10054757310482607
0 0.7464022146083806 0.4270184063899688 0.07734304147037037 0.06963184941909373
0 0.70925423765264 0.4709767707923712 0.09447175287472209 0.08836975146672295
0 0.7680927039579641 0.5154788924994735 0.0795890466541664 0.07759938962385675
0 0.8000364795941216 0.548709237892308 0.11622917568342572 0.12460523392387764
0 0.8203982062670384 0.5815398848208645 0.09638556738935185 0.11024475146672294
0 0.7484254614508347 0.5809367543423397 0.10568265494824054 0.09258003290006318
0 0.9063247272850473 0.4669116647874819 0.05525342799249984 0.047303826757175926
0 0.9168036060314826 0.49762507304699727 0.06150342799249984 0.04792398757622749
0 0.9320376267666678 0.465134751408894 0.04187443317629622 0.053720964914309735
0 0.7765805642782885 0.6486196198375558 0.08849515494824053 0.09087459064767103
0 0.7408775101312515 0.658358024444721 0.08394435598499986 0.09197197003338253
0 0.6670387604140753 0.5905613449900109 0.11146376324231469 0.10554515351435186
0 0.7080929873698161 0.546215380075701 0.08087814458064813 0.07462942982861964
0 0.7848920588116682 0.7306629677899267 0.10058505183796278 0.08742741228577451
0 0.6919806803480568 0.6330056012018971 0.10384675287472192 0.08929999269530028
0 0.6872057059842144 0.66987939140666 0.050155824882222075 0.042151206142887254
0 0.6406136699804643 0.6535918877543101 0.08869064458064813 0.0754046308524341
0 0.608513360932455 0.5955941026686199 0.07687414976444433 0.08197680921433097
0 0.558777201083242 0.6152440990162701 0.0859169590952776 0.09681451023814525
0 0.532039752355557 0.6906971216781879 0.0982802580585183 0.09649233187624873
0 0.6565811311019922 0.7100925949900109 0.08781164976444415 0.0830620906476712
0 0.605506646653381 0.6919264619519497 0.08230394354388881 0.07322197003338253
0 0.5843342756826402 0.6506571052281562 0.06769463939685175 0.06557660819051633
0 0.7376855766721313 0.7833640734209066 0.10556507775694417 0.12664495249053723
0 0.7048142880764832 0.7695874579256905 0.1107214694628702 0.11476511330958913
0 0.6191303577749089 0.7486597294947949 0.07972574769092589 0.07916188962385676
0 0.5828312728079181 0.729801964511486 0.08753824769092589 0.07993709064767121
0 0.4976360665873626 0.7475491355686831 0.08087814458064813 0.07462942982861946
0 0.5565914015543535 0.7641588175829297 0.11288956220555538 0.10413769371911492
0 0.5118359761537516 0.8065486330091467 0.08693265494824054 0.09071955044290832
0 0.45181571866088116 0.7489978216091888 0.1171669590952776 0.09991531433340342
0 0.6503612339294461 0.7811863449900109 0.06871033524981485 0.05948164839527905
0 0.6283693652677794 0.8112493475495473 0.12525286116879605 0.10381551535721804
0 0.5644340043818072 0.8338572057400635 0.09318265494824055 0.09133971126195987
0 0.6497078315731036 0.8594724341709593 0.04091752591898139 0.042783464914310086
0 0.6159773805363444 0.8643682985733617 0.09548744872768503 0.08227479167148566
0 0.5721105118746778 0.8966018639995788 0.11919835080120364 0.0877253947429292
0 0.5891811432130112 0.9227888614400424 0.09083961347787035 0.029149791671486014
0 0.5223449577276408 0.9077356304496103 0.0759172425071295 0.07103930921433062
0 0.4917586305363444 0.8766939948520129 0.07320234561740727 0.07541672880480518
0 0.4423840556541222 0.9187676808925186 0.09412043836009243 0.06664979167148602
0 0.4103329732790296 0.8956160653973025 0.11546775805851835 0.0981977741286407
0 0.4922377926946315 0.9331826041353427 0.08445291244111104 0.026967130852434094
0 0.44789105334504803 0.8469702009949002 0.11697146946287021 0.1153852741286407