0 0.5823745546255011 0.8954973699694179 0.1951017699684396 0.1700269742194024
0 0.43803864195759 0.89283379466379 0.1548674446326171 0.14774918249628827
0 0.49756538372849574 0.27131956354698267 0.21760776812286 0.175860894391219
0 0.3705356428803797 0.8940111923343693 0.07929662667911223 0.1050017605154494
0 0.3522670844877065 0.6180285464728124 0.1539961229879534 0.11822545680654777
0 0.672804912591898 0.614604816826343 0.2294465805396264 0.22923155585660826
0 0.8058584313806267 0.34642694764989473 0.20204274966706573 0.2215894742194025
0 0.6290846053789356 0.7632337466090979 0.16111744463261707 0.14807673111680747
0 0.44523553650264114 0.7358910758714546 0.17112344278703762 0.153255554047586
0 0.370130270815216 0.7799520143606368 0.24807641879450487 0.2177960888732949
0 0.35435521762634675 0.703676119403591 0.08551663590700942 0.08205558344622813
0 0.5713176875072203 0.5561958525565632 0.22202475520380388 0.20867339439121899
0 0.36996581821042585 0.4455869804394389 0.11658629396097213 0.1054045522385636
0 0.661297289936879 0.2894886301461831 0.18434461191447687 0.14774253844375362
0 0.9240681008410002 0.3835883536882171 0.15186379831799962 0.20176829715018094
0 0.5649321330626271 0.6957872970386394 0.18106926074054214 0.19256371551297527
0 0.4643615137658326 0.5798967034156459 0.145762957551673 0.11469102103089916
0 0.42866423792772057 0.6478554873368438 0.20135176996843956 0.17035452283992142
0 0.40300424228474796 0.21176085707911904 0.1256607902698132 0.11518898801421243
0 0.4718136278588231 0.5008300011316538 0.15961512483353282 0.11386550542706679
0 0.7583666339854169 0.6832895398025501 0.19023392802240197 0.1914925384437538
0 0.680256232058048 0.8628309548859839 0.22211492617682255 0.19781778154634883
0 0.500538741285945 0.848646703415646 0.2168264187945049 0.21615834577069998
0 0.7469480896915105 0.7971816214397558 0.15639995386051417 0.1245573439616777
0 0.7390011278588231 0.4868272976044662 0.25300444094145824 0.16220118611433296
0 0.4202966106587528 0.3343761635015542 0.09960912667911223 0.10606629353213641
0 0.6644370866662201 0.38294870307696166 0.22322676996843943 0.17150094301173802
0 0.5120782419518136 0.4200436685899368 0.14834713037027109 0.09931168249628844
0 0.8390619040298695 0.20149622795304803 0.1794467791963367 0.14593437697836445
0 0.5296569132577666 0.1941086103584794 0.20799244463261707 0.15053334577069996
0 0.894470871142374 0.06956347523951457 0.12731346124283185 0.10441526232447187
0 0.7796121257563225 0.06644337403971802 0.1504804483237759 0.13288674807943604
0 0.8721290276076783 0.5231222444613914 0.1931186045321592 0.16682008706427282
0 0.8070597508467765 0.5949806343300545 0.16505378473307494 0.13121677973732632
0 0.8765308206458606 0.62595731739217 0.10709113221585084 0.09249511646291494
0 0.6162856909414581 0.11876005031799966 0.14191678842423378 0.12069535956550989
0 0.6014121488260654 0.03139168362794218 0.1403242976521309 0.06278336725588436
0 0.9297172921153927 0.2457641270939654 0.14056541576921475 0.17759381275401323
0 0.11756307994977104 0.006014304613412816 0.038251159899542087 0.012028609226825632
0 0.13132497693025708 0.056546571121756206 0.10639995386051418 0.11309314224351241
0 0.20450705872560757 0.052223162031216144 0.11147812852469167 0.10203389077317435
0 0.2840593022660795 0.06457599785229343 0.11550463959816834 0.07431832654882313
0 0.44137615989954215 0.007238210651735149 0.12337731979908421 0.014476421303470297
0 0.3678634843125748 0.031695978064589694 0.11385196862514961 0.06339195612917939
0 0.3539212453860514 0.003079655133811178 0.048467490772102814 0.006159310267622356
0 0.42527001627728056 0.1492265575540889 0.08446497231630853 0.07424308344622813
0 0.43864153657865435 0.09659952453740213 0.08894213959816835 0.07292624491161734
0 0.4308442306214159 0.03375976707417027 0.09624380318886931 0.06751953414834054
0 0.5211237407721028 0.010704047377323583 0.07037248154420564 0.021408094754647167
0 0.8514555457305384 0.6909991412274596 0.11920045755167301 0.11329893939369348
0 0.6759597047072907 0.7198655269122514 0.10270413590700933 0.08295634215265543
0 0.8747884753415989 0.4435199536427886 0.11198896493399105 0.09430327792830409
0 0.8880701226550191 0.2791774926523691 0.11917046677957047 0.09002521370395282
0 0.557871686917365 0.34526167458283064 0.15381578104191612 0.13993668249628843
0 0.48057302240387434 0.3438053951841885 0.08079914513490678 0.058536196291098366
0 0.41751680252300066 0.48321977725093557 0.09552263406143009 0.08723440637700666
0 0.5793866983237759 0.1018115677308542 0.12421845201493475 0.12752521370395287
0 0.8645729390958786 0.11046843622993399 0.13025811929679457 0.12629026232447188
0 0.9545370494977103 0.17401860187919474 0.0909259010045794 0.10910276232447189
0 0.9442231492874603 0.09050341700805714 0.11155370142507941 0.1068032779283041
0 0.9375147967293411 0.0444915541631869 0.0486778234902431 0.027374727498762796
0 0.5002551202195843 0.09258373190977691 0.08966330872560757 0.0667581320667471
0 0.5302282278530468 0.0331555794894992 0.06748780503444873 0.0663111589789984
0 0.9594634823909821 0.6341991853254229 0.04254798523536465 0.03946529172311415
0 0.9937793948019724 0.507076763344584 0.012441210396055169 0.04612472749876275