0 0.675061471469532 0.5275318012856355 0.17593110453215904 0.16501718610347993
0 0.7094360741561117 0.36444960442878865 0.22587092433124312 0.20150264970954979
0 0.5519541679477283 0.3981804032287156 0.19131558238520582 0.22163105913900916
0 0.5263385624927797 0.5538674770500333 0.1984371026865796 0.17072353060296203
0 0.41075874730764406 0.6050554495474432 0.14356945939725246 0.10916529238978612
0 0.4409716817895742 0.4382853265119139 0.13801043909587865 0.1601455955329394
0 0.36948745578210673 0.5021701980997012 0.1653842791963366 0.14434081306795044
0 0.35601066979330787 0.4119647291169478 0.12295645570609359 0.11752144789030408
0 0.40034638380450893 0.3190665996712777 0.14528211191447685 0.1449572431755744
0 0.5561005427812613 0.29240343817490366 0.09933881241676641 0.05741870181924558
0 0.2501514437858405 0.47745064206106386 0.16135776812286 0.1721019400324213
0 0.3055754062843964 0.5905456474377473 0.20120161745121515 0.13358740363849114
0 0.1749862958825647 0.5283089747737216 0.17881578104191606 0.1403082845319034
0 0.1826483453802751 0.44255341129148623 0.09356945939725243 0.1068365049623988
0 0.2115244059514621 0.3837584540955572 0.08632797600746737 0.06457623035529289
0 0.6424134240743221 0.19910289433737546 0.1011416359070095 0.08234592721213971
0 0.6532459563719621 0.28011529983789346 0.11054662667911223 0.10607452564056316
0 0.7115692927812612 0.2851623647678709 0.06328115067164486 0.04331766046291676
0 0.49287937365382206 0.28913719706624386 0.13010776812286 0.1706464478903042
0 0.5733930104836211 0.21008108974648027 0.0731969778530468 0.05930653349844599
0 0.2977023287700602 0.39527168879407626 0.07905630318886922 0.07976458271265763
0 0.026668411321733244 0.6367850624487781 0.05333682264346649 0.07053513192686936
0 0.2634923773449809 0.309137289703699 0.06036648338978514 0.044734611248705036
0 0.24248869898964448 0.28061418341739275 0.03587731979908417 0.03583049214211709
0 0.18200195452638276 0.2974057311838624 0.052794306880028154 0.06922518899896399
0 0.13949895544917248 0.30171439557572055 0.05673064698048602 0.052328787427387446
0 0.22068887457661174 0.30414372870266304 0.04891814698048602 0.05196491439185813
0 0.14583922575054625 0.3526583114153207 0.061237805034448686 0.07427656203449332
0 0.14352566517935925 0.4102161002904502 0.0525539833897851 0.04437073821317572
0 0.1022846624109901 0.40514976468230846 0.06373180688002814 0.06973461124870503
0 0.09921964395519578 0.3587114123249435 0.0620491451349066 0.057234611248705033
0 0.02424933674223335 0.46780177605484796 0.0484986734844667 0.06439644789030403
0 0.018675321054808174 0.3968535752690596 0.03735064210961635 0.07983735731976367
0 0.03946111933480114 0.4143471362700956 0.07892223866960228 0.051930681141081084
0 0.02292706090412129 0.33718747684063616 0.04585412180824258 0.06377570967712849
0 0.09067127742677036 0.48565490198586136 0.06643614144374776 0.06675516046291677
0 0.02038077386407207 0.5696896077340483 0.04076154772814414 0.06094180810555194
0 0.011982410860338383 0.6378959522335304 0.023964821720676766 0.07467897642635143
0 0.03230245821754164 0.6562970417706137 0.06460491643508327 0.05781680810555194
0 0.06427412398675632 0.5202674964853433 0.0716344778530468 0.059233758891340214
0 0.020786394250123484 0.5374764212162837 0.04157278850024697 0.043172111248705035
0 0.02316013502222632 0.5019027942518131 0.04632027004445264 0.06562930810555194
0 0.05166856031426588 0.3601497878416722 0.0685094778530468 0.05908820967712849
0 0.061254489002536584 0.6003723734498141 0.051712652517224345 0.03812073821317572
0 0.03208452847802065 0.5872024394132488 0.0641690569560413 0.05156680810555194
0 0.07426522608348055 0.5671596131107318 0.05745181610792529 0.04615156203449331