0 0.2745561378949638 0.16463020626863073 0.1343774230447991 0.13234371923645227
0 0.16543084712958794 0.1638054167409751 0.13496088560718836 0.13859371923645228
0 0.20497417762035003 0.2403412237745539 0.14102299792002054 0.12080297361850627
0 0.41470273044900097 0.1845620045826867 0.21333559484181247 0.13431561393340247
0 0.7041323175952934 0.27150629858156633 0.18248116971703396 0.11817044728159747
0 0.7781532801576827 0.2687393073902593 0.1286268415140473 0.10383501748363075
0 0.7435507934687433 0.3551692810533506 0.11231453535763122 0.111099657843112
0 0.6964470952574044 0.38386883366029045 0.11239857945077229 0.1450909560902905
0 0.6002693011642635 0.36090896080673235 0.1480863702161482 0.16337417537132773
0 0.49534078015768257 0.303464316020612 0.16910597587345003 0.10726064027031121
0 0.6342549914722861 0.16629663188517632 0.21216866971703396 0.12181561393340248
0 0.5059952371045313 0.21444335550368257 0.136731072795242 0.10791927186568469
0 0.6296107250412563 0.24351676345825726 0.16162722920121517 0.12642203501184648
0 0.3509652955487228 0.29748524577399377 0.14989857945077228 0.14969537712414932
0 0.2447152955487228 0.3105311053699274 0.0950850133110607 0.09199364907900413
0 0.4258218529529246 0.4052443598411514 0.13452328868539637 0.13390621923645227
0 0.26610319987471653 0.42959657467325724 0.2165446389349536 0.16869061393340257
0 0.3210836426783107 0.4852720220663175 0.139252810731967 0.1514774209892739
0 0.5533967242090625 0.4851949432339316 0.159565310731967 0.15397148238261416
0 0.4877729357314621 0.5525179081106224 0.11612684151404729 0.10230021047234442
0 0.32407509983295535 0.5765685001337552 0.1262731917636044 0.12825946485439843
0 0.46912051414224465 0.7420867282680705 0.14037771381017503 0.14698177186568467
0 0.4086602100658081 0.6531053071896266 0.17654512354391336 0.1869481402703112
0 0.32903695465806343 0.7482239562686306 0.16729376663882595 0.1209394385174896
0 0.5348691572371572 0.6676365879531743 0.15833656405973215 0.17390028062979254
0 0.6187843377696804 0.5846342371213484 0.17671078868539639 0.13908619289954344
0 0.6511295415965599 0.6517811976605705 0.11071001331106078 0.09391215784311199
0 0.5935061408061273 0.7370867590316182 0.14891954201316154 0.1557535262477387
0 0.5427372136013693 0.8365645923352283 0.15194069841913488 0.17157037712414933
0 0.4253717256646442 0.8067237808750104 0.11060616971703396 0.10934530696670137
0 0.4425394261637585 0.8551889738637242 0.09329260357732228 0.05624799995541494
0 0.24256427932548888 0.5668216448307054 0.09635578202986608 0.08906049995541494
0 0.31610804596431474 0.6605182588978631 0.12383549792002055 0.11869261397798744
0 0.26013866597266694 0.6365724386958298 0.07502222254568487 0.07562893856207467
0 0.32740273336016434 0.8068997852124792 0.13327231946747684 0.08741492098927388
0 0.6975855326532541 0.5314973906715768 0.05906346921791972 0.053589780674377606
0 0.6548034588180224 0.4964499125818465 0.09981453535763123 0.10956485083182557
0 0.5077381480860554 0.37701158795317424 0.15468992304479912 0.13483778062979254
0 0.43563566139711607 0.46804598265012454 0.13843943843583925 0.1096736227420955
0 0.4218871152239956 0.5408525440434647 0.08068875998329546 0.07014634206771789
0 0.7263756162639853 0.4505223205141286 0.05935520049911425 0.05671478067437761
0 0.08018307633080314 0.2833208202020332 0.11368914767046341 0.09273335959593361
0 0.11907001143887726 0.352825377235612 0.18271107945077233 0.15372424552877595
0 0.10796926934219334 0.5217118421345954 0.13512897379347052 0.20657631573080906
0 0.0925717560311326 0.4414210965166494 0.11133549792002054 0.1171578069667012