0 0.6289796376765757 0.7741108242942842 0.1307689557060936 0.12669696485439824
0 0.7191237920393795 0.8159126224968777 0.13296245386051417 0.13157631573080905
0 0.6977297370049308 0.7425987409237967 0.13575695939725244 0.11808936836004129
0 0.5175014098235289 0.7051027410129669 0.19525212114237397 0.1376878507872407
0 0.2931928861639306 0.528503701641359 0.16835912667911224 0.12055573676466799
0 0.2313990599053184 0.5032446183377489 0.12292646493399077 0.10268391222516585
0 0.2742928329750613 0.4508860218210996 0.10949496308841136 0.10564475433746882
0 0.3167808366662202 0.4468828463606017 0.11640595201493475 0.1341534560902904
0 0.39251690185135574 0.5015139603608818 0.1481967791963367 0.15342362274209548
0 0.4698003723220848 0.5847635480465456 0.15459713037027106 0.10964592975338175
0 0.33441859556118303 0.6349860919785477 0.1939901248335329 0.1283128507872405
0 0.446813429202113 0.6480181050801245 0.12959713037027112 0.10657631573080906
0 0.3498634522718559 0.5784888551247096 0.1537857902698132 0.12644972800056015
0 0.5869426875072203 0.6444787102717117 0.14672445016935534 0.1424861227420955
0 0.6756145128430429 0.675343008474305 0.09332913590700934 0.08829309644977172
0 0.5428473963146174 0.5338022936199067 0.13254178842423378 0.12845131573080906
0 0.6776730525230006 0.5764802672384128 0.20372561006889747 0.1663884034164731
0 0.6406689928746034 0.5127747760248134 0.13912228288749554 0.14308936836004146
0 0.44969860235364534 0.42401789892295644 0.15495761560563573 0.14657037712414933
0 0.5147076989136312 0.39896151292323656 0.1115682994977103 0.09821595609029048
0 0.6527635214810846 0.4428044382945643 0.1240982902698132 0.12280456134875521
0 0.5593144224856638 0.2622961488560788 0.13870161745121515 0.1399643683600415
0 0.5953118047015143 0.3527698374404461 0.1759311045321592 0.1768057367646681
0 0.674984408643818 0.3110738110812449 0.15606945939725242 0.12058342975338174
0 0.4928029067982386 0.29331475854118255 0.15727127550517786 0.16375787712414933
0 0.4117631401880237 0.32485453490038385 0.16598528657865436 0.13716768413543567
0 0.39553733146241615 0.2613952805183299 0.10447696862514962 0.09119855258464735
0 0.4557838517637899 0.21808236820399376 0.14735544832377592 0.14717362274209547
0 0.5136716266791123 0.1629547804514523 0.15237344278703766 0.16161982449491702
0 0.604837354532159 0.22946880233942948 0.10772213037027108 0.10389040346105807
0 0.598377121142374 0.18718537690122408 0.08641814698048603 0.059784394696950204
0 0.7179076758438884 0.4815366224745851 0.09311880318886914 0.08673059644977173
0 0.6722648800373369 0.3821952540699585 0.11992162667911224 0.1146083595959336
0 0.7144973661954911 0.42195592510381746 0.07424864144374758 0.07212023680925306
0 0.6859670934586826 0.26709042072176353 0.12415847047072895 0.08900511397798763
0 0.33861104916477613 0.3350810173944606 0.05766214882606544 0.051643578921556
0 0.3674120334773509 0.3778025305406224 0.09834713037027117 0.10273929820259334
0 0.47076206359647726 0.5234146533050105 0.14972928842423378 0.13056167537132773
0 0.5443950002569211 0.4825137234401661 0.13136996308841126 0.10833066660722004
0 0.5669311878401546 0.43303389009197096 0.07674264328932719 0.06781643856207467
0 0.30232786065875283 0.38517794285495854 0.05808281426234583 0.054768578921555996
0 0.8321648178774916 0.7652519908569191 0.1573014649339907 0.10690463150620318
0 0.7899925119202532 0.6916918724522926 0.1819407810419161 0.1529568420231328
0 0.8225348963146175 0.5681436004974378 0.1465740989954206 0.18703121923645227
0 0.8819849725732297 0.5931149074864315 0.050901312416766584 0.058496824539502154
0 0.8662246167853466 0.6472683943402697 0.198377121142374 0.1380715525400623
0 0.9216263841898906 0.7383720215090042 0.15674723162021884 0.11255138588825737
0 0.9115671075574493 0.675885868003361 0.13867162667911223 0.11691057011286325