0 0.47272698635114885 0.23971308854630907 0.12199062406898661 0.10653480799670109
0 0.5416032648871962 0.22362743580159977 0.10741870181924558 0.09518813103709692
0 0.5662757791552198 0.21586876009563688 0.09648120181924558 0.09486988229073816
0 0.9386773180303493 0.1995568206661274 0.05113016046291676 0.05922188730530311
0 0.9443815084770554 0.1876562142396367 0.034160984284234176 0.06340928213245363
0 0.9102441029765374 0.21055415663864702 0.08110875889134021 0.06633570533113406
0 0.9116632078151017 0.24102290663864703 0.09241013192686935 0.07446645407749282
0 0.8836302531003719 0.26061399261116663 0.08579625889134021 0.06647209765100204
0 0.955231271297337 0.23584366165321197 0.040410984284234175 0.06359113855894431
0 0.9356486714211716 0.2856989091459295 0.077474336641599 0.05530727711788872
0 0.8841974873846062 0.3231821887711006 0.08139985731976367 0.07258570533113406
0 0.9163400533480409 0.35823313869195833 0.06788101282028158 0.050346992478152594
0 0.9549487890800172 0.36415051807970267 0.07627570967712849 0.06307431301126601
0 0.97518414846895 0.3602753603204284 0.04963170306210003 0.05793217194503919
0 0.9862843143085502 0.33422132568069235 0.027431371382899528 0.05867631802583091
0 0.9534740262597357 0.3156902860263913 0.08408820967712849 0.0633016335443795
0 0.8942852708830522 0.38860260029129856 0.08132708271265798 0.07102320533113407
0 0.9420870700972639 0.39034094503930683 0.0843065334984459 0.06798913354437941
0 0.9663463997095498 0.4112157346936078 0.06730720058090042 0.08062552586424747
0 0.9498674908992628 0.4566108027194387 0.09582623035529281 0.08080738229073817
0 0.8743623767550737 0.5151340080505727 0.08608735731976366 0.07272209765100221
0 0.8221449052911209 0.5025718235691212 0.07969180810555195 0.06941524122451134
0 0.8769394131490038 0.4696851157307048 0.08281680810555195 0.06950616943775678
0 0.844360199542934 0.4252591658098471 0.08616013192686936 0.07428459765100204
0 0.7706444096343472 0.33743856855455634 0.15015416542531543 0.14168269780928658
0 0.8365241207592178 0.3409978260764038 0.12093754631872748 0.11742684389007838
0 0.7914535233642516 0.4314924454350182 0.10934507485477489 0.10304609514371972
0 0.4927355794028888 0.31657946542677096 0.10571065260503384 0.09201766693047428
0 0.5500386571531479 0.30395979348173174 0.1343450748547749 0.10377352084968247
0 0.5941867634394541 0.2776413343896739 0.09887845574818713 0.0793358105039836
0 0.6965497841176186 0.2918736674591997 0.12199062406898661 0.10653480799670109
0 0.6446255651348652 0.3192006970843709 0.09470037799792799 0.09013691818411544
0 0.6576927994190995 0.3814051803913234 0.1310017510334573 0.09899509263643722
0 0.6927784288647695 0.4124589520989358 0.13641699710451577 0.1147564849563052
0 0.7411816956139926 0.4439075289002554 0.09255568114108108 0.07759145407749272
0 0.7853640351510759 0.38473110570157487 0.10563787799792798 0.09045516693047428
0 0.6795571449520388 0.4981153072717853 0.1521147717116218 0.11677362602253201
0 0.6242125194353101 0.4520048368969564 0.10294952564056317 0.09973923871722885
0 0.6078855062007438 0.5549623523363627 0.13194782092583351 0.11930759263643723
0 0.5883220612059238 0.3364851369760987 0.13321922249741008 0.11310305674305984
0 0.49348475020488786 0.38305391158670493 0.1364897717116218 0.11631898495630519
0 0.4519543757216164 0.43198315657214004 0.12736732878371626 0.08796666442319179
0 0.4673460893276863 0.4769092116658472 0.11664815260503385 0.09233591567683312
0 0.5255417330413801 0.5002497717741193 0.13954199710451576 0.11484741316955063
0 0.5746470130251694 0.4291954742022595 0.13053087014004525 0.12238712852981451
0 0.3911260376322752 0.43610000673042454 0.022748295285270358 0.0193864974927175
0 0.3950879456139926 0.4539778285171792 0.01962329528527027 0.019295569279472246
0 0.40120951302516933 0.4342419900373772 0.01649829528527036 0.019204641066226814
0 0.40166327729319296 0.4271880079840658 0.01620719685684686 0.012954641066226813
0 0.4362823339510028 0.5490031720115462 0.025946069892376043 0.021039925705962758
0 0.3996491670779453 0.4679266682506225 0.014717471463952681 0.014471676959604097
0 0.4075344416850511 0.4692618477175091 0.013009422249740865 0.01130121285298138
0 0.41389360359571 0.47142374129101833 0.019477746071058632 0.016170569279472247
0 0.3953255401134746 0.4758755605704906 0.019404971463952682 0.014608069279472247
0 0.4025751139347921 0.4803584720906885 0.01784247146395277 0.014562605172849529
0 0.3982150996667685 0.4875261144105565 0.017769696856846907 0.01300010517284953
0 0.4177827369703214 0.48773906307777304 0.01969606989237622 0.020858069279472247
0 0.40397494809519185 0.49361699003737713 0.017842471463952635 0.014562605172849529
0 0.41356827191650947 0.498031705397641 0.017769696856846907 0.01300010517284953
0 0.4215263211307212 0.5009293848645276 0.014717471463952591 0.014471676959604097
0 0.40775491955914467 0.5075885618241317 0.021040246071058633 0.016216033386094963
0 0.4005781203449329 0.5046681503039337 0.01940497146395277 0.014608069279472247
0 0.4615563157540377 0.5709547283588947 0.027581344499482085 0.022647889812585476
0 0.49852762282613233 0.541715857746639 0.02431079528527036 0.01943196159934022
0 0.4751072394515209 0.5259688372926679 0.02743579528527036 0.019522889812585476
0 0.47239961641599154 0.5182245334526019 0.022675520678164317 0.017823997492717503
0 0.48119457361192064 0.5390909629194884 0.02587329528527036 0.019477425705962937
0 0.4802142704687675 0.5516364270261112 0.022675520678164317 0.017823997492717503
0 0.46867745698653207 0.5558836578257813 0.021113020678164496 0.017778533386094964
0 0.45781273159363794 0.55776440657214 0.022748295285270358 0.0193864974927175
0 0.47363678473679105 0.5447870334526019 0.01962329528527036 0.019295569279472246
0 0.45712137282613236 0.5429206565721401 0.022821069892376044 0.020948997492717503
0 0.458319999790603 0.5350626924655174 0.019477746071058632 0.016170569279472247
0 0.44280416170126174 0.5378610835317442 0.027508569892376045 0.021085389812585474
0 0.4490712783266503 0.5212502450519422 0.02111302067816432 0.017778533386094964
0 0.4356080918088857 0.5177304399582349 0.022748295285270358 0.0193864974927175
0 0.4221085179875681 0.5134293848645276 0.019477746071058632 0.016170569279472247
0 0.4060297537195444 0.5209380079840658 0.021185795285270315 0.019341033386094785
0 0.418784464844415 0.5260430451310845 0.019477746071058632 0.016170569279472247
0 0.41289833787994423 0.5340374015575751 0.01940497146395277 0.014608069279472247
0 0.4315391759692854 0.5311480822781028 0.021040246071058633 0.016216033386094963
0 0.42498096091547344 0.5415089207579049 0.021040246071058633 0.016216033386094963
0 0.26577701137253956 0.09631374419401226 0.013009422249741043 0.011301212852981446
0 0.2782042367654337 0.0943875313410308 0.009738873035529316 0.008085284639736078
0 0.2918300891227985 0.08460335438142667 0.016134422249741043 0.011392141066226814
0 0.28594396215832785 0.0925977108079174 0.01293664764263518 0.009738712852981446
0 0.28009422249741 0.10137331723440812 0.011228598428423452 0.006568248746358751
0 0.3541288819268694 0.06166830806320809 0.00981164764263518 0.00964778463973608
0 0.3619049946233165 0.06065973753009468 0.009884422249741042 0.01121028463973608
0 0.3644670684446341 0.06527904137016066 0.011301373035529316 0.008130748746358774
0 0.4769692224974101 0.0956448397999503 0.01293664764263518 0.009738712852981446
0 0.4790218740689866 0.08932664364001627 0.009738873035529139 0.008085284639736078
0 0.40366015508623326 0.11733563486452765 0.014499147642635135 0.009784176959604141
0 0.42584552419282107 0.14015936942512147 0.014644696856846906 0.01290917695960414
0 0.26714261228216235 0.1424302262473236 0.013009422249741043 0.011301212852981468
0 0.22331983767505648 0.14214072123275864 0.014644696856846906 0.012909176959604095
0 0.2213399607105857 0.15002141739269267 0.00981164764263518 0.00964778463973608
0 0.2914428688971909 0.5633875839274556 0.009738873035529316 0.008085284639736123
0 0.2917510839510028 0.5532086018741442 0.008103598428423453 0.006477320533113407
0 0.29573010855810866 0.5546574416075876 0.011374147642635179 0.009693248746358662
0 0.29910981968297917 0.5600352633943422 0.008103598428423453 0.006477320533113407
0 0.30472411889719087 0.5630011390211628 0.01293664764263518 0.00973871285298138
0 0.3061432237357551 0.5934698890211628 0.026237168320799586 0.02728992570596276
0 0.30895785462916725 0.569918728754606 0.01293664764263518 0.00973871285298138
0 0.302035766539826 0.5724670672344081 0.009884422249741042 0.011210284639736123
0 0.3122647911469319 0.5737340505413607 0.011301373035529316 0.008130748746358663
0 0.3817403831652145 0.55371941574334 0.011374147642635179 0.009693248746358662
0 0.38035981968297916 0.5576711298499627 0.01293664764263518 0.00973871285298138
0 0.38702719664744983 0.5496540413701607 0.00981164764263518 0.009647784639736123
0 0.19248313812761325 0.6390217329112412 0.02431079528527027 0.01943196159934022
0 0.2203170396991898 0.6319533789920329 0.029071069892376133 0.021130853919208194
0 0.2090884412707664 0.6260216277383917 0.028925520678164406 0.01800585391920819
0 0.22416763171747248 0.6138482366721648 0.029143844499481996 0.02269335391920819
0 0.22294973407483729 0.6044959687254762 0.029071069892376223 0.021130853919208194
0 0.3542853172017798 0.5185320735026143 0.006541098428423453 0.00643185642649069
0 0.3620956631490039 0.4846655388628783 0.011374147642635179 0.009693248746358662
0 0.3683092758454509 0.4837024324363875 0.009738873035529316 0.008085284639736123
0 0.3738144131490039 0.48432455806320807 0.008103598428423453 0.006477320533113407
0 0.36220482505966267 0.48700928886287825 0.011301373035529316 0.008130748746358663
0 0.36391287427387436 0.49008882475625554 0.009666098428423453 0.006522784639735946
0 0.3686367615774273 0.4907336824363874 0.01293664764263518 0.00973871285298138
0 0.37637648697032144 0.488943861903274 0.011301373035529316 0.008130748746358663
0 0.38429814888098024 0.4910602913701606 0.011374147642635179 0.009693248746358662
0 0.38842272270229783 0.495634131103604 0.006541098428423453 0.00643185642649069
0 0.3948182719165095 0.49857727467711327 0.011446922249741042 0.011255748746358662
0 0.3705995219165095 0.49928196832976485 0.011228598428423452 0.006568248746358663
0 0.3719800853987449 0.49533025422314214 0.009666098428423453 0.006522784639735946
0 0.37852118382716826 0.5013983977966514 0.011374147642635179 0.009693248746358662
0 0.38477118382716824 0.5012165413701606 0.013009422249741043 0.01130121285298138
0 0.3922754687733564 0.5111682028903586 0.013009422249741043 0.01130121285298138
0 0.3897497822555917 0.5073301490502926 0.011374147642635179 0.00969324874635884
0 0.3629325711307212 0.5026342888628783 0.011374147642635179 0.009693248746358662
0 0.36311450764848585 0.5065405388628783 0.013009422249741043 0.01130121285298138
0 0.3707450711307212 0.5024069683297648 0.011374147642635179 0.009693248746358662
0 0.37036408146980343 0.5110234503830762 0.014644696856846906 0.012909176959604095
0 0.3633692187733564 0.5120092888628782 0.011374147642635179 0.009693248746358662
0 0.38041116955914467 0.5083841836900287 0.013009422249741043 0.01130121285298138
0 0.3870614298982269 0.5167960772635379 0.014571922249741043 0.011346676959604096
0 0.39122239102309736 0.5221511669969813 0.006613873035529317 0.00799435642649069
0 0.3866804402373091 0.5254125593168493 0.013009422249741043 0.01130121285298138
0 0.3841911410230974 0.5223557554767833 0.013009422249741043 0.01130121285298138
0 0.3847369505763913 0.5340745054767833 0.013009422249741043 0.01130121285298138
0 0.38659054900481477 0.5402790413701607 0.014426373035529317 0.008221676959604097
0 0.38126734821902647 0.5435631657433401 0.00981164764263518 0.009647784639735946
0 0.39135082361192064 0.5417051490502927 0.008103598428423453 0.006477320533113407
0 0.3770336124870501 0.5366455760098967 0.011374147642635179 0.009693248746358662
0 0.37038335214796786 0.5282336824363874 0.013009422249741043 0.01130121285298138
0 0.37741460214796785 0.5280290939565854 0.00981164764263518 0.009647784639735946
0 0.3748525283266503 0.5234097901165194 0.01293664764263518 0.00973871285298138
0 0.376087542594674 0.5163330760098968 0.01293664764263518 0.00973871285298138
0 0.3628426798982269 0.5175007709161895 0.011374147642635179 0.00969324874635884
0 0.3656594648444149 0.5275888247562556 0.011374147642635179 0.009693248746358662
0 0.3615712783266503 0.5237962350228123 0.008103598428423453 0.006477320533113407
0 0.3633884894515208 0.5292195209161895 0.009738873035529316 0.008085284639736123
0 0.3659869505763913 0.5346200747562555 0.01293664764263518 0.00973871285298138
0 0.361444999790603 0.5378814670761235 0.009738873035529316 0.008085284639735946
0 0.36940304900481474 0.5407791465430101 0.009666098428423453 0.006522784639735946
0 0.3612266759692854 0.5331939670761235 0.009738873035529316 0.008085284639735946
0 0.1952977690210254 0.6154705726446844 0.02743579528527027 0.019522889812585476
0 0.17033415632457832 0.6169792483506473 0.021040246071058543 0.016216033386094963
0 0.19095487137839023 0.6062092329112412 0.025800520678164452 0.017914925705962936
0 0.17614750868194315 0.6074223919241566 0.01955052067816441 0.017733069279472248
0 0.16946086103930802 0.5982292483506473 0.029143844499481996 0.02269335391920819
0 0.15632516025351975 0.6017406932569401 0.016352746071058587 0.016079641066226814
0 0.14776779755707267 0.6027719958433648 0.01955052067816441 0.017733069279472248
0 0.15190948800377874 0.5909168535234969 0.030706344499481997 0.022738818025830908
0 0.12936239991443754 0.5939198330695257 0.025800520678164407 0.017914925705962936
0 0.1236025514860141 0.5878289574427051 0.024238020678164406 0.01786946159934022
0 0.13893645305759067 0.5811243163764783 0.02431079528527027 0.01943196159934022
0 0.12945229114693188 0.5790533510162144 0.029071069892376133 0.021130853919208194
0 0.1311774569865321 0.5657039048562804 0.02274829528527027 0.0193864974927175
0 0.14013508002206138 0.5732663522698557 0.011228598428423452 0.006568248746358663
0 0.1151714673256143 0.5747750279758186 0.02274829528527027 0.0193864974927175
0 0.2694779776646965 0.5788905634734844 0.019477746071058632 0.016170569279472247
0 0.2414450229499668 0.5984816494460039 0.021040246071058543 0.016216033386094963
0 0.20919544912864924 0.594726163631769 0.024456344499481995 0.02255696159934022
0 0.19033628721799048 0.5929279829112412 0.025946069892376133 0.021039925705962935
0 0.20221770305759068 0.5792830200582597 0.027581344499481998 0.022647889812585652
0 0.18108756575403775 0.5791155354976659 0.02274829528527027 0.01938649749271768
0 0.16531701653982603 0.5764451765638927 0.029143844499481996 0.02269335391920819
0 0.15376093237942623 0.5634821753102515 0.01955052067816441 0.017733069279472248
0 0.14371384429008502 0.566121442003299 0.011665246071058588 0.015943248746358663
0 0.16867745698653208 0.5646127662973359 0.025946069892376133 0.021039925705962758
0 0.1657151228261323 0.55139971245727 0.02431079528527027 0.01943196159934022
0 0.18172111248705008 0.5423285893377319 0.02587329528527027 0.019477425705962937
0 0.1886432005763913 0.5397802508579298 0.02118579528527027 0.019341033386094785
0 0.17230972518349716 0.541820123977468 0.02274829528527027 0.0193864974927175
0 0.16315304900481473 0.5467804086172041 0.019404971463952723 0.014608069279472247
0 0.15564876405862665 0.5368287470970061 0.025946069892376133 0.021039925705962758
0 0.16487821484441495 0.5334309624572701 0.02587329528527027 0.019477425705962937
0 0.16980115529112103 0.5215530880840907 0.021040246071058543 0.016216033386094963
0 0.16607684180888566 0.5255729983506473 0.01620719685684686 0.012954641066226813
0 0.1891868560769093 0.5178597867513071 0.02587329528527027 0.01947742570596276
0 0.17376090922006243 0.5057916957642226 0.027508569892376135 0.021085389812585474
0 0.1701821449520388 0.5129366060307794 0.024165246071058542 0.016306961599340218
0 0.19098479652361539 0.5060728405913731 0.025946069892376133 0.021039925705962935
0 0.1733242615774273 0.49641669576422265 0.024238020678164406 0.01786946159934022
0 0.1976350568626976 0.5144847341648824 0.022529971463952726 0.014698997492717681
0 0.20435809180888564 0.5244591277383917 0.029143844499481996 0.02269335391920819
0 0.1811025283266503 0.5290473393377318 0.024092471463952724 0.01474446159934022
0 0.19463848945152082 0.5341296444314392 0.025946069892376133 0.021039925705962758
0 0.1885896966474499 0.5554279829112412 0.027508569892376135 0.021085389812585474
0 0.1914428688971909 0.5662972867513071 0.025800520678164407 0.01791492570596276
0 0.22801822373575514 0.5957430943522969 0.022675520678164494 0.01782399749271768
0 0.2138058664159915 0.5257488430986557 0.02431079528527027 0.01943196159934022
0 0.22216417596928545 0.5372402725655421 0.025946069892376133 0.021039925705962758
0 0.22997667596928545 0.5370129520324288 0.024383569892376132 0.02099446159934022
0 0.2009805347367911 0.5527205200582597 0.024383569892376132 0.02099446159934022
0 0.21731401012968524 0.5506806469387215 0.024383569892376132 0.02099446159934022
0 0.21186453080784967 0.5680500033652123 0.029143844499481996 0.02269335391920819
0 0.23919116418246117 0.5836833635526266 0.027581344499481998 0.022647889812585476
0 0.224692016539826 0.5747175405122309 0.025946069892376133 0.021039925705962935
0 0.2274167562007438 0.5660328622989855 0.022675520678164494 0.01782399749271768
0 0.24424038316521451 0.5577202571261359 0.025946069892376224 0.021039925705962935
0 0.2360276228261323 0.5493538276592493 0.02431079528527027 0.01943196159934022
0 0.2545956863083677 0.5449020083797772 0.024383569892376222 0.02099446159934022
0 0.25666760855810866 0.5557940442731545 0.022748295285270358 0.0193864974927175
0 0.2544522911469319 0.5754162224863999 0.01955052067816441 0.017733069279472248
0 0.24318730541495553 0.5687032212327587 0.01784247146395277 0.014562605172849529
0 0.2565413300220614 0.5698792763264658 0.02431079528527036 0.01943196159934022
0 0.2656980062007438 0.5649189916867299 0.025800520678164497 0.01791492570596276
0 0.2651521966474498 0.5532002416867299 0.024238020678164496 0.017869461599340043
0 0.09615825578645905 0.7208376857350928 0.045132717535011316 0.030960494985435006
0 0.07789840735803562 0.7151105229612535 0.01671661910658786 0.023892141066226814
0 0.09007092162605926 0.7077155601082721 0.035393844499482 0.02287521034569906
0 0.07936886207276532 0.6962923268013196 0.03270549214211713 0.03215928213245363
0 0.12311886207276532 0.6950193318158846 0.043570217535011314 0.03091503087881229
0 0.09406706285855362 0.6927354177884041 0.04022689371369372 0.026136602665567034
0 0.14788126757328332 0.6723941740566103 0.04051799214211713 0.03238660266556703
0 0.0900323802697304 0.6732950960016495 0.046840766749222995 0.034130959092057725
0 0.10736542948394212 0.6759199908288 0.03873716832079958 0.027653638558944493
0 0.11830292948394212 0.6756017420824412 0.034049668320799586 0.027517246239076344
0 0.14637227150222473 0.6567919061099217 0.03397689371369372 0.025954746239076343
0 0.1344715849844601 0.6532266369095917 0.032487168320799585 0.027471782132453625
0 0.1210447857702484 0.6504880818158845 0.046840766749222995 0.034130959092057725
0 0.10796258891340153 0.6383517946688659 0.04364299214211713 0.03247753087881229
0 0.1371042793601076 0.625769226643035 0.040590766749222996 0.033949102665567034
0 0.15536412778853104 0.6314963894168741 0.04386131596343472 0.03716503087881229
0 0.0740606238595896 0.6495082550145649 0.047059090570540585 0.03881845909205772
0 0.05720060959156596 0.6570396101874144 0.010321069892376156 0.020585284639736124
0 0.06287056678749504 0.6779969678675464 0.00861302067816443 0.017414820533113405
0 0.052493838913401536 0.6399657704539712 0.01017552067816443 0.017460284639736125
0 0.059197603181425175 0.632729931974169 0.027726893713693725 0.025772889812585475
0 0.0942810785743193 0.6301444895751587 0.04178939371369372 0.026182066772189573
0 0.11375667059260194 0.6115847061890639 0.032487168320799585 0.027471782132453625
0 0.09724125868194318 0.609718329308602 0.042080492142117135 0.03243206677218957
0 0.07714708250326074 0.6149968626946969 0.039028266749222995 0.033903638558944495
0 0.05225624441391953 0.6180680384006598 0.022893844499481997 0.022511497492717504
0 0.042189885646413884 0.6034970730403959 0.013664393713693723 0.02536371285298138
0 0.05617961103930802 0.6015253960807917 0.03895549214211714 0.03234113855894431
0 0.06660768878956702 0.590269647334433 0.040590766749223 0.033949102665567034
0 0.042769928450484815 0.5823578589337732 0.02630994292790544 0.028852425705962935
0 0.06331786889719088 0.5700253434943671 0.04200771753501129 0.03086956677218957
0 0.06627804900481474 0.5495991832278102 0.040517992142117154 0.03238660266556703
0 0.042459559343896947 0.5588976268804619 0.034267992142117155 0.03220474623907634
0 0.03704431327283837 0.5434090192003299 0.02445634449948201 0.02255696159934022
0 0.031029753719544445 0.5318493935735094 0.013446069892376145 0.02067621285298138
0 0.030229233041380015 0.5146618935735093 0.013300520678164429 0.01755121285298138
0 0.03726048304138001 0.5144573050937072 0.02765411910658786 0.024210389812585477
0 0.03106398697032144 0.49899142946688657 0.01700771753501129 0.030142141066226813
0 0.025013040113474584 0.48665055384006595 0.005488020678164429 0.01732389231986815