0 0.3274851201500373 0.34836972159308094 0.1703078029821361 0.16382849512873604
0 0.3993768405248661 0.293962865262415 0.15105769780928666 0.14631371266133195
0 0.4245443250854599 0.2724191018697344 0.13989287727617333 0.13831029788867957
0 0.809728004156635 0.10545810390162458 0.07888116943775678 0.08102390340856665
0 0.8271117324490227 0.138765481742646 0.09491534639736088 0.09535913879807008
0 0.8177283722616083 0.16550525974582322 0.11559155925034226 0.10821369480442451
0 0.8752369953811465 0.18091602557413583 0.06597199247815269 0.06674321509696393
0 0.8503566673261856 0.2391921757362916 0.11407452335696497 0.10974892126547413
0 0.9050130750854599 0.26403248864250484 0.08990959765100222 0.08433981818121908
0 0.9401465930321485 0.2626375840161222 0.07561977711788863 0.07628185633066593
0 0.9050752595669114 0.21244271510355447 0.06762542069139812 0.06989548863591429
0 0.8938769982841404 0.31112567695410753 0.11251202335696497 0.10972164772652385
0 0.9457206431112908 0.29302451339927116 0.10286423871722902 0.10018300649282175
0 0.9713701978092868 0.3135864293897396 0.0572596043814265 0.08708298863591431
0 0.9640350709288249 0.36450404708449125 0.07192985814235016 0.12329322402541773
0 0.9337160512662764 0.47144952232772497 0.1188529515702104 0.11295574188232518
0 0.8668013359060126 0.4819972845025896 0.11085859514371954 0.10656937418757337
0 0.9141333254811712 0.4162944180256538 0.11402905925034261 0.10818642126547413
0 0.8536899189755383 0.3806120625057668 0.12050637978345584 0.11610801542127547
0 0.724323016230829 0.3133036059302195 0.21542172618081673 0.2114671542193456
0 0.8031921623116208 0.2837876554437521 0.17526808762187224 0.173285315745587
0 0.7952696652146146 0.41446095698587976 0.15592705423577727 0.15264553327818295
0 0.388465735747728 0.42937821388244324 0.1462338054894186 0.141544392044481
0 0.4497382048689156 0.3860997723244296 0.17986465940862684 0.17024213636243807
0 0.4887946931904331 0.3314844103117208 0.1348871285298145 0.12729097727182861
0 0.6143797148980455 0.2956815036567432 0.17030780298213627 0.16382849512873604
0 0.5684511009497074 0.35588834659472857 0.1366314849563052 0.1335682508107789
0 0.6149373075344826 0.4222985507346439 0.17499530298213628 0.1639103157455871
0 0.6709970909205776 0.44164284010190685 0.1879499440483631 0.17975350405718976
0 0.7432585358268703 0.4536695073101912 0.12850073620994634 0.12249438311602714
0 0.7663801355894435 0.36181324391751063 0.14618834138279588 0.139981892044481
0 0.6983528642775425 0.5490326002481766 0.20228522868809903 0.1893739659077429
0 0.6100572424116455 0.5232161684293957 0.14949519780928675 0.14628643912238157
0 0.6435409953146395 0.6531667211893393 0.18643290815498564 0.1812887305182393
0 0.5112440062016992 0.4045673543053664 0.18317151583511765 0.17654668344033872
0 0.4235741731321735 0.507711719564486 0.18799540815498564 0.18131600405718978
0 0.39928487846330746 0.5863003697266419 0.16525659012915472 0.151246674511885
0 0.4389073196086766 0.6317259180223586 0.15735316191590928 0.14798530681713337
0 0.518617551661988 0.6311162175358913 0.1895124440483631 0.17978077759614025
0 0.5412163141984003 0.5212912041432106 0.18647837226160818 0.18285123051823948
0 0.32999532086231775 0.6226839289794072 0.030551318025830908 0.030205697240056395
0 0.34460339014179 0.6411884671288541 0.02894335391920828 0.028615923701106105
0 0.3414867503292044 0.6146668774372797 0.024164925705962938 0.025409103084255057
0 0.338915679796091 0.6068952877457051 0.022466033386094875 0.020694329545304768
0 0.4387374865391509 0.7333429651002592 0.035329746239076344 0.033412517856907444
0 0.3559727991547055 0.6558413023562017 0.020903533386094787 0.020667056006354302
0 0.3652796029947714 0.6533339111224997 0.01768760517284953 0.017487508928453722
0 0.3746546029947714 0.6531702698887976 0.025727425705962936 0.02543637662320535
0 0.3547512799543756 0.6675873258951521 0.02568196159934022 0.023873876623205347
0 0.36573424406099825 0.6689589111224997 0.024119461599340218 0.02384660308425506
0 0.3629047607540457 0.6791697082004003 0.022511497492717504 0.02225682954530477
0 0.3868734581676209 0.6701532183466701 0.028943353919208194 0.028615923701106105
0 0.37400138512722503 0.6844475434277479 0.024073997492717502 0.022284103084255057
0 0.3864786530739137 0.6834481051161453 0.022466033386094875 0.020694329545304768
0 0.39900138512722505 0.6840111668045425 0.020903533386094873 0.02066705600635448
0 0.3853480620868292 0.6983191286550956 0.027289925705962937 0.025463650162155814
0 0.3759730620868292 0.6984827698887976 0.02568196159934022 0.023873876623205347
0 0.480552913498755 0.7466827163180753 0.03537521034569906 0.034975017856907445
0 0.5086946338735838 0.6930395190780188 0.03372178213245362 0.031822744317957154
0 0.4740923133404705 0.6858270369349262 0.03372178213245362 0.031822744317957154
0 0.46607522486066844 0.6789321546296779 0.03050585391920819 0.028643197240056394
0 0.48773727619345186 0.6980952118538484 0.03372178213245362 0.031822744317957154
0 0.49287941725967865 0.7136383912369973 0.03050585391920819 0.028643197240056394
0 0.48067493395272615 0.7240128295486 0.028897889812585474 0.027053423701106104
0 0.4684249865391509 0.7328247678602027 0.030551318025830908 0.030205697240056395
0 0.4810242749398107 0.7091554427791249 0.027335389812585476 0.027026150162155815
0 0.46089363136630135 0.7157599987854792 0.03211381802583091 0.030232970779006864
0 0.4582316326199426 0.7048634090939048 0.02568196159934022 0.023873876623205347
0 0.44138511341961273 0.7168821680223585 0.03693771034569906 0.03500229139585791
0 0.4414844018202725 0.6934310312528834 0.027335389812585476 0.027026150162155815
0 0.42282533003351785 0.6968833137202874 0.03211381802583091 0.030232970779006864
0 0.40409806208682914 0.6979918461876915 0.0272899257059628 0.025463650162155814
0 0.3905356672596787 0.7154248080382446 0.02894335391920828 0.028615923701106282
0 0.40694191725967865 0.715138435879266 0.027289925705962937 0.025463650162155814
0 0.40415789805934876 0.7269117329571667 0.02568196159934022 0.023873876623205347
0 0.4241066852063673 0.7140571769508123 0.02728992570596276 0.025463650162155814
0 0.4222403083259055 0.7305043372592378 0.028897889812585474 0.027053423701106104
0 0.015282985352016627 0.2834710190747235 0.014562605172849496 0.017432961850553052
0 0.02831418276559188 0.27464544399364554 0.014426212852981447 0.012745461850553053
0 0.03875157759274238 0.2572670292209932 0.02085806927947218 0.019104556006354478
0 0.035990290445723834 0.2698215762988939 0.017642141066226812 0.01592500892845372
0 0.03401025329870529 0.28236248660731944 0.012863712852981445 0.012718188311602674
0 0.10035065564770318 0.19834995089350443 0.01447167695960414 0.014307961850553053
0 0.10798129922121247 0.19196358319875273 0.016079641066226814 0.015897735389503388
0 0.11436769154108051 0.1965419890429514 0.014426212852981467 0.012745461850553053
0 0.25991587226160834 0.17524191315109458 0.016079641066226814 0.015897735389503388
0 0.2596885517284949 0.16742941315109458 0.01286371285298138 0.012718188311602718
0 0.18593045447320425 0.23828342979018605 0.01925010517284953 0.01751478246740401
0 0.2231265775927424 0.2540487516248531 0.020858069279472247 0.019104556006354478
0 0.03872649703049912 0.3369954395294187 0.017642141066226812 0.01592500892845372
0 0.278002226510021 0.8236930499205698 0.011255748746358752 0.011128414772652206
0 0.27295101365703955 0.8112748705374209 0.009647784639736123 0.009538641233702095
0 0.2776385136570395 0.8111930499205698 0.016079641066226814 0.015897735389503252
0 0.28482888803021894 0.8165390689952933 0.01286371285298138 0.012718188311602674
0 0.29266412008353027 0.8171839513005414 0.017642141066226812 0.01592500892845372
0 0.30928933042922924 0.851286215911038 0.03863660266556703 0.03971706493480838
0 0.30059028035008695 0.8209538336057898 0.017642141066226812 0.01592500892845372
0 0.29454486882988906 0.8280941777615911 0.014471676959604097 0.014307961850553141
0 0.306976672669955 0.8255322394499884 0.016034176959604095 0.014335235389503254
0 0.3787320007249158 0.7664378831193226 0.014471676959604097 0.014307961850553141
0 0.3788911250980952 0.7719066331193225 0.01925010517284953 0.017514782467404188
0 0.3824109301918024 0.7585571992719466 0.01286371285298138 0.012718188311602674
0 0.23897448192029733 0.9330231854722288 0.017733069279472158 0.01905000892845372
0 0.22978969853420245 0.912860689936456 0.028943353919208194 0.028615923701106282
0 0.22324418184115508 0.9028135340922571 0.028943353919208194 0.028615923701106282
0 0.32864943269908486 0.7376094995962582 0.008039820533113407 0.007948867694751626
0 0.3211264377136498 0.6939685937520595 0.016034176959604095 0.014335235389503254
0 0.3272627774470931 0.6899532495962581 0.014471676959604097 0.014307961850553141
0 0.33424856334047043 0.6882680186709818 0.011210284639736123 0.009565914772652385
0 0.32121736592689515 0.6970935937520595 0.014471676959604097 0.014307961850553141
0 0.32523727619345183 0.7009316599046838 0.01286371285298138 0.012718188311602674
0 0.33220033003351784 0.6984651789794072 0.016079641066226814 0.015897735389503252
0 0.33985370566033846 0.6928600612846555 0.016034176959604095 0.014335235389503254
0 0.35072300950040447 0.6903253965120031 0.016079641066226814 0.015897735389503252
0 0.3563054197669612 0.6941361891256769 0.009647784639736123 0.009538641233702095
0 0.3657031518202725 0.6947537978919749 0.01768760517284953 0.017487508928453722
0 0.3379191326199426 0.706963471593081 0.01286371285298138 0.012718188311602674
0 0.3377600082467632 0.701494721593081 0.012818248746358752 0.011155688311602675
0 0.34805265056663126 0.7060049435899038 0.016034176959604095 0.014335235389503431
0 0.3565554723533859 0.7027299391256769 0.01768760517284953 0.017487508928453722
0 0.36850154288649933 0.7103378875835493 0.01768760517284953 0.017487508928453722
0 0.36374584672656524 0.7080759582004004 0.016034176959604095 0.014335235389503431
0 0.33035668520636735 0.7156935892878327 0.016034176959604095 0.014335235389503431
0 0.33283682752623533 0.7203401789794072 0.01768760517284953 0.017487508928453722
0 0.3403765428864993 0.7108288112846555 0.016034176959604095 0.014335235389503254
0 0.3430158095795467 0.72094415097623 0.020903533386094873 0.020667056006354302
0 0.33533970189941475 0.7257680186709816 0.016079641066226814 0.015897735389503252
0 0.35452997109974466 0.7137083494341023 0.01768760517284953 0.017487508928453722
0 0.36562659547292403 0.71898618466145 0.020858069279472157 0.0191045560063543
0 0.3735982198461034 0.7243185669666984 0.011255748746358752 0.011128414772652384
0 0.36985109421928286 0.7298555008140741 0.01768760517284953 0.017487508928453722
0 0.36433688011266013 0.7283884582004003 0.017642141066226812 0.01592500892845372
0 0.3725130929656416 0.7407520905056486 0.01768760517284953 0.017487508928453722
0 0.37740518144544366 0.7477015198887976 0.017642141066226812 0.01592500892845372
0 0.37211828787193435 0.7540469772751239 0.014471676959604097 0.014307961850553141
0 0.3828284673388209 0.7460435625024715 0.011210284639736123 0.009565914772652385
0 0.364146663498755 0.7487145949698755 0.016034176959604095 0.014335235389503254
0 0.3530273070722642 0.7426555097425279 0.01768760517284953 0.017487508928453722
0 0.36070341475239626 0.7378316420477763 0.014471676959604097 0.014307961850553141
0 0.3543397544858395 0.7340344862035776 0.016079641066226814 0.015897735389503433
0 0.35174595189941477 0.7254816465120031 0.017642141066226812 0.01592500892845372
0 0.3378880403792168 0.7327583583625562 0.016034176959604095 0.014335235389503431
0 0.3460187891255756 0.7435594906678045 0.016034176959604095 0.014335235389503431
0 0.3396778609123302 0.7405435848236058 0.009647784639736123 0.009538641233702095
0 0.343765967338821 0.74672540097623 0.012863712852981468 0.012718188311602674
0 0.3501978237653117 0.7528663068204287 0.016079641066226814 0.015897735389503252
0 0.3464052340318684 0.7568407406678045 0.01286371285298138 0.012718188311602674
0 0.3573654660851797 0.7574310758951521 0.011255748746358752 0.011128414772652384
0 0.34392509171200036 0.75219415097623 0.012863712852981468 0.012718188311602674
0 0.2593347945358519 0.8537214691574491 0.027289925705962937 0.025463650162155814
0 0.23692023693486225 0.8892868222417041 0.027289925705962937 0.025463650162155814
0 0.14409022776366226 0.8150874375008239 0.019341033386094875 0.020639782467404187
0 0.13667253285736944 0.8019289184261004 0.024164925705962893 0.025409103084255237
0 0.14629758544379418 0.8103590271923983 0.024073997492717547 0.022284103084255234
0 0.15831185213684162 0.8203107256502709 0.03376724623907634 0.03338524431795733
0 0.15709033293651173 0.8320567491892211 0.0193864974927175 0.02220228246740419
0 0.21984639720141894 0.8934930811701578 0.03050585391920819 0.028643197240056394
0 0.1683999059769076 0.8177896976470936 0.03211381802583095 0.030232970779006507
0 0.182757922669955 0.8277004857965405 0.035329746239076296 0.033412517856907444
0 0.19201926240339834 0.8236305945628384 0.03215928213245363 0.031795470779006865
0 0.17408761632260655 0.8520828770302427 0.02255696159934022 0.023819329545304767
0 0.18328075989611584 0.8456692357965405 0.03372178213245362 0.03182274431795733
0 0.19248827533552204 0.8666129813323137 0.030551318025830953 0.030205697240056395
0 0.22555082792194678 0.8746339870143565 0.03854567445232169 0.03659206493480838
0 0.20510193560207873 0.8703010430207108 0.03532974623907632 0.033412517856907444
0 0.20322118685571997 0.8593908165596613 0.02894335391920828 0.028615923701106282
0 0.21986311757624782 0.8403408076312076 0.035329746239076344 0.033412517856907444
0 0.20564149320306843 0.8351175194817605 0.03215928213245363 0.031795470779006865
0 0.22395958419015294 0.8199464870143565 0.03372178213245362 0.03182274431795733
0 0.2329170470431344 0.8322964825501297 0.030551318025830908 0.030205697240056395
0 0.23984900864247463 0.8556248883943283 0.027335389812585563 0.027026150162155815
0 0.2241558124825406 0.8535538737838315 0.024073997492717502 0.022284103084255234
0 0.23962168810936121 0.8478123883943283 0.03372178213245362 0.03182274431795733
0 0.24872390346962514 0.8382737471606262 0.03372178213245362 0.03182274431795697
0 0.24130620856333235 0.8251152280859028 0.03206835391920819 0.028670470779006862