0 0.4486613243630571 0.8223557442442179 0.15788899538185158 0.1522134893354818
0 0.404275628792918 0.737321320609047 0.17814270678620336 0.1704930524755442
0 0.4793358344478257 0.8846051152626705 0.1611506964186109 0.15395799985882555
0 0.4029783860029646 0.8778021074407499 0.06626884043361106 0.0644867052052021
0 0.3541205124403256 0.834909681174743 0.19771291300675903 0.1809601156156063
0 0.5896479093300477 0.8533389756871921 0.1237682736099071 0.11758088410204515
0 0.6307506544290755 0.7874178440748087 0.13749858294074038 0.13237142619541978
0 0.6668145850134736 0.7431897019390817 0.04615183006601846 0.047769642065139804
0 0.6992743534395844 0.6414297808641594 0.1897637119699997 0.17894258930724707
0 0.6612672140427327 0.6988936703690506 0.0727922425071295 0.06797572625188941
0 0.6078394176713902 0.6902852388413718 0.11003796427907382 0.10279034200867017
0 0.5252032834583347 0.7372974757577794 0.1642756964186109 0.15414001038216937
0 0.5316399196976404 0.8342557757436619 0.06796804147037036 0.06614021046687384
0 0.28247039637055715 0.8550786970303456 0.04601512902925915 0.0462071420651398
0 0.3028115821387515 0.802082499647064 0.12349487153638865 0.11445588410204488
0 0.2500283347306496 0.7950820707502213 0.0951552580585183 0.09259629465362344
0 0.5000166472190289 0.6392471126318345 0.19995891819055522 0.1888636208772782
0 0.3325667241275013 0.7402118312029778 0.205056521300833 0.19382413666229378
0 0.38859113166764014 0.6563142443148051 0.16679510367592565 0.1651685156438411
0 0.3225662990097235 0.7019382864787671 0.08482335080120355 0.08111276308359247
0 0.20875878576740892 0.7911079313159173 0.049413531102777686 0.04951415258848364
0 0.22851421116801066 0.7537822365634717 0.11853396946287018 0.11105786831702939
0 0.2584354484913439 0.6989883207502212 0.08808505183796278 0.08285727360693614
0 0.22116989434430687 0.7030996971009328 0.08652255183796279 0.08276626834526439
0 0.6677208485386121 0.571276904584035 0.14035018086722212 0.1294284367187636
0 0.714302614090001 0.5504330545416828 0.04248002591898139 0.04133763154179633
0 0.7228273050419916 0.4888963150650264 0.14218608294074056 0.13264444198043535
0 0.6684815576338897 0.48180488090651163 0.15279139227157365 0.1472529735504665
0 0.6051826008476864 0.6398757151638484 0.11329966531583331 0.104534852532014
0 0.5935116604613435 0.5488943993929503 0.14076028397749987 0.1341159367187636
0 0.5617743534395845 0.6334213178370367 0.2013847171537959 0.18739212613895012
0 0.5642636578694453 0.5511170520520212 0.14199059330833314 0.1481784367187636
0 0.5589344430247236 0.8005101072995755 0.16298659849212935 0.15717400512049765
0 0.6000467500464828 0.7165292204255203 0.1508187891612959 0.14247446828879456
0 0.5502202817149083 0.5141784941736308 0.1270299746466664 0.11932539462538863
0 0.4977111449099548 0.5668715836926393 0.11017466531583313 0.10435284200867016
0 0.42574796201648246 0.5367675837632266 0.13566268086722205 0.12915542093374804
0 0.46197940499472334 0.6252532310900383 0.10181536116879605 0.09764781570031093
0 0.4193325752115289 0.5921453285015547 0.1152722684261109 0.10931335779368574
0 0.6242332716301398 0.4580264756871921 0.13070177879370348 0.1257574051487324
0 0.5566452304425933 0.4407409941736308 0.1492562891612959 0.14238346302712265
0 0.31142303892495493 0.6408264812312127 0.18908020678620333 0.17113008930724707
0 0.47827693119652875 0.5107735021367257 0.11214726842611107 0.10913134727034209
0 0.657357421394584 0.3845735651356136 0.027187216588147933 0.026456084186749607
0 0.3585802943915751 0.5595533654038448 0.10704966531583313 0.10417083148532633
0 0.2834634257299085 0.5834466207361039 0.13185417568342572 0.1211609104104042
0 0.2670175109797232 0.5290930497035339 0.1488461860510183 0.13769596302712267
0 0.22633443091370475 0.5722669260542455 0.06287043836009246 0.061179694681858444
0 0.499135526813936 0.4428880521226083 0.09841695909527762 0.09434080517696727
0 0.45497542370365823 0.4450274047957965 0.14769378916129594 0.1422924577654509
0 0.38259328430680645 0.500489178543907 0.11513556738935167 0.10775085779368573
0 0.357494830960973 0.42835657331047006 0.19472461404351815 0.18234060509226263
0 0.4787150115453711 0.3890882179358587 0.10181536116879605 0.09764781570031093
0 0.4384508879827321 0.3466963206090469 0.12023317049962938 0.11271137357870123
0 0.2923188902918063 0.41042634968941644 0.1525179901980553 0.1441279735504665
0 0.23053249830305642 0.4704314102692299 0.1353892787937035 0.12603042093374803
0 0.1738047532040288 0.5354424892648948 0.1406235829407405 0.1325534367187636
0 0.5071134136188895 0.387601312645952 0.06953054147037037 0.06623121572854584
0 0.5604434651740284 0.38835174154279484 0.13369007775694436 0.12437691567207612
0 0.37880248590921356 0.3463631206655167 0.14218608294074048 0.13264444198043535
0 0.21080505014101925 0.39075932082080844 0.1563264953818516 0.15212248407381007
0 0.18305190556037124 0.45667274715740264 0.10324116013203688 0.09617632096198285
0 0.13146957318527858 0.4269705656297238 0.12390497464666646 0.11914338410204497
0 0.3007847926481487 0.33161110495108825 0.15591639227157383 0.14743498407381014
0 0.26498328515527825 0.2651369655167843 0.15279139227157384 0.1472529735504664
0 0.11254320739833404 0.37404298670464603 0.12023317049962942 0.11271137357870131
0 0.20420302709675991 0.3495427866199414 0.11697146946287021 0.11096686305535756
0 0.19693662271416718 0.2800192418957307 0.139334485014259 0.13558743145709168
0 0.12286484420328762 0.31889275512049753 0.14273288708777754 0.13889444198043535
0 0.061925218614398383 0.3125902762377721 0.12385043722879677 0.13237142619541978
0 0.5999939807254173 0.36709836782291927 0.05267523213953691 0.05125866311182729
0 0.5790854499054635 0.3368270388978415 0.06613213939685174 0.0629242052052021
0 0.5285386457584265 0.34016487052434236 0.09855366013203692 0.09590330517696728
0 0.4681185556076395 0.32172641268830426 0.1427328870877776 0.13889444198043535
0 0.48815694500449125 0.2632159626741869 0.08326085080120364 0.08102175782192056
0 0.4194267773795838 0.2859107390531333 0.09515525805851835 0.09259629465362354
0 0.11831333671041715 0.2542387209196305 0.11384646946287016 0.11078485253201391
0 0.10620360744560227 0.22212417093374795 0.09304595391148132 0.0862552893919517
0 0.17641836262939856 0.2183614050781452 0.12886587672018496 0.12254139988706055
0 0.1677070354381022 0.18330386561560635 0.11201056738935167 0.107568847270342
0 0.19431805358138915 0.15737069717152002 0.11894407257314792 0.11574536831702945
0 0.26120346573967634 0.21858818920842502 0.1564631964186108 0.15368498407381012
0 0.2524237880300003 0.1843118997458862 0.10011616013203692 0.09599431043863911
0 0.35865537271416714 0.2894382864787671 0.11357306738935176 0.1076598525320139
0 0.3538209012250467 0.2459690075395719 0.12193237153638865 0.11436487884037314
0 0.4184397672948152 0.22539046800644588 0.11187386635259244 0.106006347270342
0 0.3373749864748614 0.19161543650700197 0.12533077360990727 0.1176718893637168
0 0.6019474599902322 0.3986213836079348 0.03398402073518518 0.03307010523343692
0 0.6245059651740285 0.3920829572713407 0.06456963939685174 0.06283319994353036
0 0.6521819058431951 0.4078290546122699 0.04587842799249984 0.04464464206513998
0 0.6804142125821303 0.3992653966915273 0.044179226955740704 0.04299113680346807
0 0.6421814807254174 0.3695555098880592 0.050839330066018464 0.04804265785015547
0 0.6764594444388433 0.42651814142985545 0.04757762902925915 0.0462981473268119
0 0.4225627563615748 0.39367003114650806 0.05437443317629622 0.05291216837349921
0 0.6118207459939822 0.42039767307047365 0.060897835249814666 0.05640118942018653
0 0.3018667134306021 0.14871530496520574 0.10337786116879606 0.09773882096198278
0 0.8034260282745385 0.7613544149662044 0.12064327360990709 0.11739887357870131
0 0.789577433222779 0.6773133439336345 0.13451028397749987 0.13375191567207595
0 0.8251526397261586 0.5937951886437277 0.10025286116879632 0.09755681043863902
0 0.8404461575866214 0.6433702544146258 0.0920302580585183 0.09241428413027979
0 0.8888344309137046 0.6108531570031095 0.11568237153638847 0.11400085779368574
0 0.9231594957111582 0.5146984938206949 0.08232306738935194 0.1058397472985769
0 0.8710891477846768 0.508524817554688 0.1185339694628702 0.11105786831702939
0 0.8808455651267604 0.5585626149097347 0.09685445909527743 0.09424979991529536
0 0.9325645985386121 0.5867022964374135 0.05148317049962934 0.1087071420651398
0 0.9365289286046306 0.5413897964374135 0.05011616013203692 0.0930821420651398
0 0.9411275371815286 0.45292653591406973 0.05732306738935193 0.1043836631118273
0 0.9143599856263898 0.4537231964656483 0.10677626324231468 0.1010458314853265
0 0.9051503724313432 0.39743539911060166 0.11187386635259244 0.10600634727034208
0 0.9358241739864821 0.3968662517132027 0.07667866013203692 0.09462923151356133
0 0.8519871247404176 0.46658024126044617 0.08482335080120365 0.08111276308359247
0 0.8350429239864822 0.3909964123353685 0.11031136635259245 0.10591534200867017
0 0.8944466097546766 0.3402753464938832 0.11370976842611072 0.10922235253201382
0 0.7935396376999082 0.44354528868607995 0.11867067049962934 0.11262036831702953
0 0.7990480524500935 0.497261822886947 0.09019435598499967 0.08919827886860787
0 0.7686366739864822 0.3871286887143149 0.1309751808672221 0.12888240514873228
0 0.8345343675303709 0.3250073912886811 0.13240097983046262 0.1274109104104042
0 0.7897003211590283 0.31689948870019746 0.11554567049962934 0.11243835779368574
0 0.8790847413758337 0.29148153072298505 0.07986244872768503 0.0777147472985769
0 0.9298373056076394 0.3486184675123357 0.06837814458064813 0.07082771046687401
0 0.846013360932455 0.7143652938771646 0.08142494872768538 0.07780575256024883
0 0.8842754870869921 0.7527144333114687 0.10704966531583296 0.1041708314853265
0 0.7267069948626865 0.731758649251776 0.11201056738935158 0.10756884727034191
0 0.8528211440614829 0.8160565964938833 0.11187386635259244 0.106006347270342
0 0.7972156930247236 0.8143884097045326 0.11017466531583313 0.10435284200867016
0 0.6438275614035665 0.8533536572148709 0.08128824769092588 0.07624325256024847
0 0.8594798301125012 0.6860960807088676 0.08142494872768502 0.07780575256024883
0 0.9172533738919457 0.698883778021562 0.06406108294074038 0.12809417889684288
0 0.9030453194620847 0.7805055043440386 0.07497945909527744 0.0929757262518894
0 0.7171821892550471 0.4367422808641594 0.06613213939685174 0.0629242052052021