0 0.30747464759136306 0.3561387950065594 0.16359902991878955 0.14807202090551302
0 0.28270638263196834 0.2877906134082934 0.28114508019564477 0.25765839448421435
0 0.29415142966962093 0.4541513607774575 0.2516182665005543 0.23414529977412107
0 0.5367814157899604 0.3490565241716335 0.24460680289774892 0.24619027346576186
0 0.6964963772332975 0.36955249274277674 0.2632962461424887 0.2706288313441522
0 0.5880378254152828 0.12101555318141585 0.19332610271317865 0.17471011561560634
0 0.7005483173957183 0.09015341907937087 0.09613212523071261 0.09121580517696723
0 0.7098918414544118 0.16253665329435532 0.2592700801956447 0.2563843208208084
0 0.4234710849760067 0.3062536451194989 0.22707934145441175 0.2155927208490434
0 0.4464055421004073 0.4194060925027804 0.1647004549649321 0.16525952090551305
0 0.6157482225452207 0.32093225319553326 0.2657203392949434 0.2598733418674959
0 0.5324920388612047 0.4779095662650083 0.20410291640826922 0.19713114718563746
0 0.4844631539128845 0.585001000423523 0.20792882325581452 0.2082506577089811
0 0.4008775007659671 0.6878900529696544 0.23226748920265833 0.22367823663405878
0 0.4789221576135124 0.6943227925168978 0.22279235965300898 0.22156970506402765
0 0.6016005891380599 0.5773943557981344 0.195889898209672 0.19042612087727803
0 0.680246023283501 0.5932020953453778 0.2113542119047624 0.21312016823232477
0 0.8443052166851246 0.24096621920642777 0.12782221622369921 0.12419490514873237
0 0.7700759747046888 0.2695987243975125 0.20001619370616516 0.20623313140062188
0 0.9089277236249547 0.2826840113703898 0.11638406847545255 0.11574536831702939
0 0.8738005544389083 0.33413239028135006 0.18435162091177598 0.18041408404557516
0 0.6484638995939479 0.6601389663638303 0.13270997532299766 0.12759292093374802
0 0.8005819023717251 0.4152451533649425 0.10328329117755644 0.10564232622365459
0 0.8598567728220757 0.4102244534214122 0.17956399136212653 0.17857856826055962
0 0.8209327776024378 0.5003181033790599 0.10953329117755643 0.10600634727034208
0 0.7409856593115554 0.46419786383181644 0.2635570619970474 0.250407336605824
0 0.5776693406792195 0.7301322189240791 0.22571710055371028 0.21862671558737148
0 0.6658597555463291 0.7602831795321274 0.227479859653009 0.22184272084904322
0 0.7895115993170927 0.5484139691358406 0.18641476866002266 0.18831758930724707
0 0.7570273712163178 0.6655783533084728 0.14621127081949084 0.14394596302712265
0 0.8654418460778903 0.6075089770989356 0.1677253254152827 0.16387903142885668
0 0.8037114065337783 0.696578453350825 0.13114747532299767 0.12750191567207594
0 0.9068500354697313 0.6513353008329286 0.1862999290605373 0.20861467875566858
0 0.885515256012367 0.7278746850055607 0.2289694879752659 0.22662122611071514
0 0.8790699568106334 0.7956992218372637 0.08968186613141427 0.08772678413027997
0 0.7264944717700282 0.8743765006352845 0.19080188001107476 0.18390310509226282
0 0.8277065183462555 0.8629924086266143 0.10893251387966067 0.09663134727034191
0 0.7609312260889649 0.7876808664626525 0.21311697100406093 0.21633617349399667
0 0.6413987785252884 0.8558077821347284 0.20762843460686647 0.20356315770898128
0 0.5853292512273924 0.8496634689240791 0.06141716378737563 0.05961719468185826
0 0.577076660234406 0.8187774899707666 0.08948160703211538 0.0846017841302797
0 0.4794530837393891 0.690371039886062 0.23276813695090492 0.23149073663405878
0 0.45246337985419116 0.5139373425027804 0.1473732526208936 0.13778696828879458
0 0.8032901904669625 0.21277260074822396 0.09653264342930976 0.09746580517696726
0 0.7020328693706166 0.0006476582030913198 0.10719073874123311 0.0012953164061826395
0 0.7393023318936878 0.007603313492998034 0.06922966378737563 0.015206626985996069
0 0.6417054410852715 0.04915304763739532 0.15216088217054297 0.09830609527479064
0 0.9681735132613518 0.6017000509035159 0.06365297347729637 0.18551183674699842
0 0.9561345882152092 0.5546808377352187 0.08773082356958142 0.1602234104104042
0 0.7824899298265044 0.06562442796965433 0.13839877081949084 0.13124885593930866
0 0.8863844902823924 0.13892630609460044 0.06348031153562203 0.06752069994353027
0 0.9554494193383173 0.4265936350902654 0.08910116132336547 0.08928928413027978
0 0.9752572231635295 0.3180230009176332 0.04948555367294105 0.10253273677523315
0 0.9711099437061652 0.3910432719643206 0.057780112587669664 0.11732327886860797
0 0.9880063494739761 0.44330372197843804 0.023987301052047626 0.09371917889684286
0 0.9781924560446662 0.2568124851326177 0.043615087910667684 0.0894867052052021
0 0.9433767662698417 0.27563037456692163 0.11324646746031668 0.1287003946253887
0 0.9202120843576977 0.47101076400122566 0.10464553207825773 0.10260833148532651
0 0.8791655821982296 0.5157464113280374 0.09310725478036197 0.09259629465362344
0 0.9870224452473245 0.6766167509176333 0.025955109505351005 0.08534523677523324