0 0.334343474767517 0.295860426228467 0.11092557153365501 0.11012582367581522
0 0.3892018404379614 0.3246347831525265 0.10398188445215313 0.10314530344607675
0 0.44893050024519515 0.27918024556478027 0.09356635382990035 0.09267452310146913
0 0.45708728768601503 0.3040382007658014 0.08835858851877383 0.08743913292916528
0 0.4533493472565285 0.34678373544991103 0.069436870815019 0.06980520229738456
0 0.3110538355385819 0.5028815245054286 0.10051004091140223 0.0996550433312077
0 0.39135598003468924 0.45520499269304954 0.11092557153365509 0.11012582367581522
0 0.47521412285680426 0.4326197759093879 0.10554438445215304 0.10332793350351147
0 0.492405883023356 0.3999290316847552 0.0987741191410267 0.09790991327377299
0 0.5383330275194633 0.34823463860881476 0.05207765311126433 0.052353901723038374
0 0.591976588763969 0.373011430504157 0.10207254091140214 0.09983767338864222
0 0.3311818373351719 0.5939123698787535 0.1402628198596627 0.13823053465220383
0 0.4362323695088195 0.4774148192725015 0.09026793205952491 0.09074676298659981
0 0.5088044647235629 0.4643060620293629 0.1472065069411645 0.14521105488194214
0 0.5516057571863598 0.4191863438098359 0.11786925861515699 0.1171063439055537
0 0.6411919306307275 0.40652401719847814 0.1230770239262835 0.12234173407785746
0 0.6569070496491568 0.3813718278876935 0.10380846268177776 0.10158280344607684
0 0.4614006790793329 0.5235390100191515 0.11248807153365518 0.11030845373324993
0 0.42606333900916427 0.5803267484684168 0.1661282246449194 0.162844985513723
0 0.35686785611688066 0.6655438655392516 0.10051004091140223 0.0996550433312077
0 0.36849307896521005 0.7216518207402727 0.11613333684478153 0.115361213848119
0 0.3428010959503288 0.6985998698787534 0.07447121435577006 0.0734780924696885
0 0.3887290924797465 0.6399655418315303 0.07794305789652096 0.07696835258455756
0 0.4693840447497773 0.5468344652201725 0.08835858851877383 0.08743913292916528
0 0.5351858746533942 0.5283076877472956 0.1402628198596627 0.13823053465220383
0 0.6231279494124363 0.47304187125080704 0.1265488674670344 0.1258319941927269
0 0.6861584391232871 0.40175535389279926 0.07290871435577007 0.07329546241225379
0 0.6735640599383061 0.46197247817486653 0.10762714976327956 0.108198063560946
0 0.688931483382674 0.44063522383536463 0.08506016674839838 0.08551137281429604
0 0.44115870133162394 0.6538048337268727 0.1489424287115401 0.14695618493937665
0 0.5187711043202906 0.5957894218570591 0.15258769402266664 0.15200894505424606
0 0.5924678849425435 0.6136567195277686 0.15415019402266666 0.1521915751116806
0 0.4178903629354476 0.6873275577217669 0.08506016674839838 0.08551137281429604
0 0.511820600972306 0.6443283813975821 0.10901622799290411 0.10681819361838052
0 0.6272025089829498 0.5167005562220897 0.10051004091140214 0.0996550433312077
0 0.5666951552756471 0.5412439738672706 0.08992108851877383 0.08762176298659981
0 0.6791994154421988 0.5196936631461492 0.09009451028914928 0.0891842629865998
0 0.6924840735754402 0.49348627874921275 0.0675275272742681 0.06649757223995004
0 0.7163593881679307 0.4654323047543184 0.05884791842239068 0.05777192195277685
0 0.727467753838375 0.4890930200702088 0.0831508232076473 0.08220374275686151
0 0.7807670276420609 0.4899250070517029 0.057285418422390676 0.05758929189534214
0 0.7253790242940761 0.532802434811753 0.09183043205952472 0.09092939304403451
0 0.7512478372125743 0.5296571457881415 0.06422910550389264 0.06456981212508062
0 0.4263871776505357 0.7708299926930495 0.13175663277816074 0.13106738436503065
0 0.4823830092281449 0.7264813799617168 0.14894242871154012 0.14695618493937684
0 0.5847335754946277 0.6829241689534225 0.1402628198596627 0.13823053465220383
0 0.650101850972306 0.6604911414805454 0.1265488674670344 0.1258319941927267
0 0.6534096451090953 0.5860796169113052 0.09356635382990035 0.09267452310146922
0 0.7052297216647274 0.6152699637204954 0.1230770239262835 0.12234173407785746
0 0.7578387165201528 0.5820922108168587 0.10224596268177759 0.10140017338864223
0 0.5113683018135395 0.7931007007658014 0.11283491507440609 0.11343345373324994
0 0.5615468357837771 0.7588677527760128 0.13522847631891183 0.13455764447989987
0 0.6039902082727886 0.800842189183161 0.13852689808928725 0.13648540459476913
0 0.6671057048022062 0.7442167917677185 0.1265488674670344 0.1258319941927269
0 0.7051344904464362 0.6838880634333224 0.08662266674839855 0.08569400287173075
0 0.7439411179574247 0.6514103900127741 0.06926344904464372 0.06824270229738456
0 0.7705078781239765 0.6198154261327492 0.07950555789652114 0.07715098264199227
0 0.792473849175716 0.5884538220804203 0.05554949665201523 0.055844161837907615
0 0.7949876128128499 0.6180500070517029 0.07586029258539462 0.07209822252712286
0 0.716763121428007 0.7122362787492127 0.0675275272742681 0.06649757223995004
0 0.7597386876944899 0.661739125558403 0.0706525272742681 0.06686283235481909
0 0.6553724702359303 0.8608259608487646 0.1456440069411645 0.1450284248245076
0 0.6761261929616621 0.8046469868538704 0.06422910550389264 0.06456981212508062
0 0.7329823171246659 0.8236303538927991 0.1317566327781609 0.13106738436503065
0 0.7023444055208422 0.7838068929164108 0.06231976196314175 0.06126218206764609
0 0.7459295040835702 0.7179586848117531 0.07967897966689641 0.07871348264199227
0 0.7854289666427503 0.6986709463624876 0.10051004091140214 0.0996550433312077
0 0.8218042812352409 0.6720780128270702 0.0744712143557699 0.0734780924696885
0 0.7799551044428883 0.7396713509891626 0.06075726196314157 0.061079552010211556
0 0.815632471787325 0.7415280923101587 0.07794305789652115 0.07696835258455756
0 0.8476679819538766 0.7105723336311549 0.0744712143557699 0.0734780924696885
0 0.845152514250122 0.6948560186024375 0.05537607488163978 0.05428166183790761
0 0.5531196912876698 0.8149452672303841 0.03645435717788494 0.036647731206126986