0 0.5313515565924172 0.34597957414568825 0.18505677693097128 0.14309971639825347
0 0.8401407493126289 0.33620330093674716 0.14276019262201595 0.11842064993424621
0 0.7662128908031767 0.39663406601231527 0.16822380093507636 0.2016216708018061
0 0.630079948082965 0.38214508572967165 0.1350931383672897 0.14232267466313386
0 0.7017367794650541 0.33454371323543725 0.08325792759490121 0.08820103787379185
0 0.4226032704880637 0.33467893041415114 0.04386817466803503 0.026461161518229658
0 0.34770780961747927 0.36318824301683045 0.2053238251355732 0.13814195210314573
0 0.7021549359827166 0.4064187132354372 0.09589428298109545 0.11339529830757175
0 0.5825645986486989 0.41306148488345745 0.1865738251355733 0.13550681145247587
0 0.41366460772388536 0.41099650073948607 0.17878859621281204 0.13909633618136358
0 0.27378904146710664 0.4251815080923985 0.10208065046753818 0.10333617852446171
0 0.49215322208707 0.4625167480283617 0.12255677693097126 0.13431591422935404
0 0.4195515142415477 0.4821029180497073 0.12254768657189175 0.13275341422935405
0 0.3616481106507516 0.4746029350559393 0.07697156615858276 0.0810726576569019
0 0.3083322131100796 0.4492566668995039 0.13985336123992678 0.15548145982580128
0 0.3274503726528041 0.5099027762488341 0.10823974687674207 0.08858955874135148
0 0.3323969478865732 0.5537752410861666 0.07220225292686618 0.06635137249423444
0 0.4027412641433519 0.5493622136461547 0.12253859621281205 0.13119091422935406
0 0.3311707911725191 0.6118073361403891 0.1349295119038567 0.11419767466313395
0 0.40015714050858914 0.6427701537545996 0.11616133118569749 0.1084375340124641
0 0.3910548512809776 0.6909627240799345 0.08799996974937904 0.09823482303645932
0 0.4561394957965875 0.7232557793297014 0.09581246974937904 0.09933279830757158
0 0.4513156404103933 0.7004770644923688 0.07537270472226432 0.07460306260267942
0 0.5170633602579681 0.7123478222150244 0.04237839754067192 0.03874156646400699
0 0.4280639718906783 0.6013174427785948 0.09273292154477701 0.1067061081991266
0 0.49716849589478346 0.6525927603928056 0.11632495764913067 0.1365625340124641
0 0.5606724596922341 0.6819804106967947 0.08023292154477701 0.1049493477653467
0 0.5293946677341481 0.5472000142541333 0.11647040339440444 0.1615625340124641
0 0.4880565954272452 0.5647380331910291 0.11798745159900648 0.1539696290666864
0 0.6018741766129427 0.6410048917598988 0.12902494554888227 0.172694294446244
0 0.5686889718906784 0.5815538878985711 0.04401362041330899 0.05146116151822966
0 0.6550037217924825 0.6343199099163342 0.08949883723582168 0.08751691809068163
0 0.6474821132830302 0.6854178851874467 0.03782725292686635 0.061520281301339706
0 0.6515923754814745 0.5855403500247792 0.13960792154477702 0.11329395982580123
0 0.5926940984523072 0.5414314145581225 0.06761474687674199 0.08288008733156697
0 0.6261651286047325 0.515616370892339 0.17274767447164335 0.17415545596447365
0 0.7265241977883774 0.5632810374221 0.08780907220870696 0.06542232303645931
0 0.7115577279408025 0.5442734404372136 0.06595225292686635 0.06547299227734449
0 0.7684571677341481 0.5136019709580928 0.0755181504675381 0.09960306260267941
0 0.7307844509116354 0.48918475225943253 0.1162613251355733 0.1256250340124641
0 0.8345225292686624 0.4456754311536371 0.08642837939029926 0.09645272798223684
0 0.9145003998783631 0.349991285861179 0.07707156010845857 0.09826015765690181
0 0.9318595749391815 0.4090748952105092 0.1362808501216371 0.14298145982580124
0 0.8472679689638121 0.4861061707198573 0.12724427693097126 0.13497469939202134
0 0.9250026044042358 0.542423715535844 0.11946813836729006 0.14012672412090907
0 0.8218503333269969 0.5522294891145283 0.12071247579950324 0.08565881917513138
0 0.8357946586589617 0.5299406336265259 0.06276362041330899 0.05409630216889951
0 0.8696843662098963 0.7104853874878536 0.09290563836729007 0.1363936081991266
0 0.8187440349260031 0.6902784767500844 0.10699540944452864 0.14305746368712918
0 0.7707150802037388 0.6329136259038703 0.1318681444174139 0.12469598455468897
0 0.9825499213483854 0.35975055594827837 0.034900157303229304 0.1068327813013397
0 0.9707993550916066 0.339522518854947 0.058401289816786675 0.08825170711467703
0 0.952787686326402 0.48925225455983934 0.09442462734719612 0.1475507032533491
0 0.9124213120533662 0.6646027734967352 0.10067268657189174 0.1296790834702392
0 0.8963008874835271 0.5816424740389602 0.08155907220870731 0.06454394281956936
0 0.9238628061014378 0.6152995605900666 0.08627384328594587 0.06989022798223683
0 0.9572429326630669 0.5738595169242832 0.036237481849627426 0.05661318624711722