0 0.5055757042694616 0.7199275271956936 0.19522193171356098 0.1764375892845374
0 0.5671590984815785 0.6619553401019068 0.19522193171356098 0.1764375892845374
0 0.6257978346397328 0.6258581530081202 0.12055262483353282 0.10810460064862308
0 0.59550922792906 0.5671513547124034 0.14182661745121514 0.1271818831160271
0 0.4639137380797469 0.5951690349063313 0.19501159899542078 0.17487508928453738
0 0.44755287155132145 0.7224991481368562 0.0283653234902431 0.02543637662320535
0 0.4698184468871439 0.701845728899977 0.06736764328932718 0.06041139448011279
0 0.42665435955505515 0.6924667747600617 0.14359945016935532 0.12877165665497756
0 0.3633281233969009 0.7286457824706993 0.0638219778530468 0.05723184740221221
0 0.37019392750855984 0.6544815795486001 0.21607525889496282 0.1923898717519414
0 0.31535627499133556 0.6912918327950109 0.11877979211539262 0.10651482710967279
0 0.29520892289461126 0.6440992329571668 0.04432081795350466 0.03974433847375849
0 0.25700274915322346 0.6268395949698755 0.04765615067164495 0.041361385551659066
0 0.4350223841374432 0.5434525763021891 0.07445897416188796 0.06677048863591431
0 0.5490697894230367 0.5126235418061902 0.20231326258612176 0.18279668344033873
0 0.6840757875774572 0.5055905174564609 0.16466311006889747 0.14628643912238176
0 0.6651904317895742 0.44902291761861673 0.2216040897675235 0.19872169236879245
0 0.7275400806156396 0.4027285702164045 0.05162248154420564 0.04766593262955983
0 0.5514884170249387 0.4135957065788426 0.14182661745121514 0.12718188311602727
0 0.6409564877468126 0.38007804870604905 0.19678443171356097 0.17646486282348778
0 0.6913169729821771 0.3417871160764892 0.05318498154420563 0.04769320616851021
0 0.6602772063719622 0.30024054424182217 0.17373760637773863 0.15579780681713337
0 0.5868096162715043 0.2843758108809137 0.1524636137600563 0.1367205243497292
0 0.4518341055309619 0.4706735953769126 0.14870761560563572 0.1319784772718286
0 0.5197275806156396 0.4063559508967997 0.10438679765213088 0.09223413879807012
0 0.5460795492407893 0.3263957155072963 0.19501159899542095 0.17487508928453738
0 0.3670235440369852 0.5274923855549545 0.1861474354047198 0.1669262215897856
0 0.3072580680295179 0.5893299123403157 0.17373760637773844 0.15579780681713337
0 0.21053331987509732 0.5956947349857616 0.23422425151264514 0.211412607141445
0 0.26087871039605537 0.5285657362035776 0.12055262483353282 0.10810460064862308
0 0.3335197663532938 0.45792990787608884 0.21805842433124328 0.19554214529089187
0 0.42229665871983124 0.39480657062014635 0.22869542064008433 0.20508078652459377
0 0.42361863657287807 0.3386656647759477 0.11502379396097204 0.10177278003177212
0 0.24187319286305078 0.484470862826783 0.06027631241676641 0.05405230032431163
0 0.08386585217273741 0.6797442268680868 0.046093650671644906 0.04133411201270896
0 0.06664826207227949 0.662897646104966 0.09218730134328983 0.08266822402541756
0 0.0958849072071861 0.6078283165596613 0.12409829026981323 0.11128414772652384
0 0.031348413628707536 0.6614948331987527 0.06269682725741507 0.08902731818121908
0 0.03982940024825664 0.5878255081176749 0.07965880049651328 0.07789890340856669
0 0.02506077617104636 0.6081204172082844 0.05012155234209272 0.10810460064862308
0 0.08013954680535443 0.5395146931828666 0.11523412667911229 0.10333528003177221
0 0.09333072516069083 0.5689021842544129 0.05318498154420568 0.04769320616851012
0 0.0012402978566046973 0.6822846201303837 0.0024805957132093947 0.034975017856907445
0 0.028501175919901554 0.5309812187504119 0.05700235183980311 0.12553756249917605
0 0.0840005126621349 0.4529323108776184 0.13807061929679457 0.12243983603812651
0 0.026164923612927264 0.48839825243563195 0.05232984722585453 0.06359094155801355
0 0.016782376255724013 0.46863122321463885 0.033564752511448026 0.08107845048646745
0 0.007061638085523179 0.3190812366073194 0.014123276171046358 0.08371252678536116
0 0.0427361725236704 0.2981687187504119 0.0854723450473408 0.11764324188232518
0 0.010231723572032518 0.3416693027599435 0.020463447144065037 0.10728639448011297
0 0.046882944670623594 0.42138803043880924 0.09376588934124719 0.13990007142762995
0 0.08064988657287804 0.3446522065755473 0.08332313775258889 0.07471935633066602
0 0.04164702046784091 0.3674817804388092 0.08329404093568182 0.10810460064862308
0 0.08696006677379389 0.3788362918028949 0.10084113221585059 0.08905459172016936
0 0.10910557969284991 0.41118514164073916 0.07091330872560757 0.06359094155801367
0 0.19342049882028917 0.4159487337679456 0.08885196862514962 0.08105117694751698
0 0.22745000897097603 0.44107541883313744 0.09218730134328987 0.08266822402541774
0 0.2008575181988732 0.4649220219173925 0.06027631241676641 0.05405230032431163
0 0.1803045953802751 0.4496924882321725 0.09396013406143 0.08425799756436803
0 0.1583845098937658 0.4446192045469523 0.09750579949771039 0.0874375446422686
0 0.2540724905151817 0.393845862826783 0.09750579949771039 0.08743754464226869
0 0.17283738657287806 0.34304306777747723 0.09750579949771039 0.08743754464226869
0 0.21191498128728456 0.3711992954563429 0.09750579949771039 0.08743754464226879
0 0.15075215318309293 0.38551693993645586 0.1083531285246917 0.0985386858759707
0 0.25342629831799957 0.32916575406048504 0.10438679765213096 0.09223413879807012
0 0.210848123653822 0.3096441866900449 0.07268614144374777 0.06518071509696392
0 0.11425863195892946 0.3323743490270653 0.09948896493399077 0.09058981818121907
0 0.1635223681170837 0.2964408031669806 0.09041446862514965 0.08107845048646727
0 0.17925303111792923 0.4980345308458463 0.04963931610792534 0.04451365909060954
0 0.20420794563141992 0.4921430409921161 0.04077515251722437 0.03656479139585791
0 0.35740752524825664 0.26889468141503914 0.04077515251722437 0.03656479139585782
0 0.3742044499124342 0.2888662621781599 0.03368382164466359 0.030205697240056485
0 0.32977836627150425 0.2888623080382446 0.03368382164466359 0.030205697240056485
0 0.29601936903987347 0.2964663023562017 0.035456654362803784 0.031795470779006865
0 0.346410043704051 0.31585150203189016 0.02836532349024301 0.025436376623205435
0 0.33518713472729866 0.335532756496117 0.04077515251722428 0.036564791395857735
0 0.3618247109859108 0.3171412666423868 0.0319109889265234 0.028615923701106105
0 0.38215220637196223 0.3050952341749827 0.04077515251722428 0.03656479139585782
0 0.39146702617104634 0.2706384135581317 0.0319109889265234 0.028615923701106105
0 0.38925853263057436 0.2870446635581317 0.021273992617682237 0.0190772824674041
0 0.3962147063719622 0.3048497723244296 0.0319109889265234 0.028615923701106105
0 0.34888895083522387 0.2916463888013653 0.042547985235364474 0.0381545649348082
0 0.3351720400128921 0.30669469034349295 0.030138156208383206 0.027026150162155815
0 0.37863663103613976 0.3254213709444579 0.0319109889265234 0.028615923701106105
0 0.39269913103613974 0.3251759090939048 0.02481965805396271 0.02225682954530477
0 0.4105176291905603 0.3201884001654511 0.031910988926523484 0.028615923701106105
0 0.3743398057003173 0.3457611444834082 0.03368382164466359 0.030205697240056485
0 0.4225818690398734 0.2942571457012242 0.047866483389785185 0.04292388555165916
0 0.4313559609859108 0.31592759415909666 0.04765615067164486 0.041361385551659156