0 0.6097491086066822 0.23664024201930606 0.12307872799290412 0.09793096656500014
0 0.6145165032253871 0.17957262442812555 0.09217897966689641 0.07227634992375007
0 0.717818333129004 0.2086081206284034 0.155369258615157 0.10803331838861122
0 0.7742485711658624 0.26475032427562567 0.1800207110077853 0.11951633225631957
0 0.8025521051360999 0.30613904369041733 0.057287122489011466 0.038736498100138926
0 0.6944004298951422 0.37019958405927145 0.14356124163003833 0.1280185100679862
0 0.7640183907803297 0.3710366918668062 0.11786925861515699 0.10716049620027786
0 0.5799970505875637 0.4200157864722227 0.1362707110077853 0.11849803970326396
0 0.6568893534621075 0.27768412252826447 0.17949874163003815 0.128854964665139
0 0.7294623007101612 0.30835420070052144 0.1374880715336552 0.10138327488562507
0 0.46114500310278955 0.29114329122187543 0.08853201028914928 0.08154224715020834
0 0.5402212667399237 0.2632196193941324 0.0800275272742681 0.061084276785486225
0 0.6108908346803987 0.34632436654434084 0.09565082320764748 0.07547408510611123
0 0.5376293125507053 0.3642008911456255 0.11196951028914928 0.0820877610179167
0 0.5638373007101611 0.3044992360353825 0.10745543205952472 0.08354115824437507
0 0.5032500523841537 0.3281536351617018 0.11613163277816092 0.11958776101791671
0 0.4421450948469506 0.3776438356747921 0.09825555789652096 0.07085932028847228
0 0.3578602138653797 0.40309647093340306 0.08818687081501916 0.06439111474138888
0 0.24543499628422252 0.3010046812301391 0.059368183733517196 0.05748649810013893
0 0.18424503192845246 0.36537499933440987 0.07829160550389265 0.05948540919430556
0 0.13329462032462874 0.4010027215989932 0.1348850409114022 0.09197190729444457
0 0.23025462714319578 0.3883773946610072 0.07933213612614551 0.06886040919430556
0 0.3700873007101612 0.2999896547289934 0.08159002727426809 0.06112064437666671
0 0.38137675645077423 0.33941583064079894 0.061452653111264334 0.04818423328250008
0 0.3093334468802609 0.38160202422003503 0.08592897966689642 0.07213087955902786
0 0.2777400114727514 0.412197407578785 0.13575214976327957 0.09978440729444457
0 0.6861586356357552 0.40917116508132007 0.10433043205952472 0.08346842306201392
0 0.4811277002282456 0.43572974581902824 0.10380846268177776 0.09280705547083343
0 0.41047432092066716 0.48656424078503513 0.13765978923740985 0.11697190729444458
0 0.4116806050135023 0.4121818366247226 0.10450385382990035 0.08503092306201405
0 0.477304752980192 0.40665984165871566 0.09495713612614551 0.06922408510611118
0 0.3519630216393031 0.44917203713781284 0.1202988674670344 0.11500936379145851
0 0.21984506075411536 0.4468802256830557 0.09165871435577007 0.06758884992375017
0 0.18512151314674372 0.43510627108590294 0.10068516674839838 0.07870818787965281
0 0.13121696721336443 0.4479504567813543 0.10207424497802293 0.07718205547083343
0 0.1689830641021001 0.4958255655388196 0.12724596268177768 0.09335256933854179
0 0.2149059484316557 0.5196092108654169 0.13314741507440606 0.1043991721120836
0 0.28070863036858296 0.5548213186729517 0.15015978923740986 0.117262848023889
0 0.31473167462796986 0.5164498029053822 0.13731464976327956 0.09982077488562506
0 0.6202700948469506 0.3817897410693756 0.07273699665201541 0.05156380642076393
0 0.6680215760652418 0.45261204055628534 0.05988844904464372 0.062173998100139016
0 0.631477951902238 0.46429376975472286 0.08488674497802293 0.0767820119678472
0 0.6569166185280387 0.5032660039871534 0.07151963612614551 0.06867857123840296
0 0.588079907642851 0.5024470799752089 0.13366768038553242 0.10908667211208342
0 0.568728043646399 0.5497760216545838 0.07707424497802293 0.07660017401194459
0 0.6320977085982074 0.564566526688577 0.16057531985966272 0.12685605357097227
0 0.6119654466350657 0.618926718367952 0.14825044569665896 0.11410148043270851
0 0.5061430368278319 0.5632014355985422 0.14060966340041361 0.12950827488562505
0 0.4352201524982764 0.538835908813056 0.12012544569665895 0.11344686379145834
0 0.3553634908944526 0.5737908306407989 0.15085347631891183 0.123512848023889
0 0.305279336109196 0.594556619109792 0.1515488674670344 0.11573671561506949
0 0.3199547765386826 0.638761213999549 0.04964804425938692 0.04011716014423605
0 0.3702166132608665 0.6516800945085073 0.13176004091140214 0.09189917211208343
0 0.43618334460175545 0.607785930564549 0.09773358851877387 0.0801979526972918
0 0.5124882680461231 0.6330599939191671 0.12637544569665876 0.11359233415618064
0 0.5319140624281078 0.47920829530593795 0.14130675861515699 0.10770601006798622
0 0.26516096888735674 0.4761326210096531 0.12672569737065126 0.08866506933854161
0 0.6204767459164298 0.6551551590973965 0.11960858851877383 0.08070709897381967
0 0.5525972629015485 0.6739402202678131 0.06978371435577006 0.0670797036472223
0 0.49313810811629183 0.6944878031897227 0.11509110215590787 0.1102127610179167
0 0.43680565739765587 0.729206988885174 0.1084959626817776 0.09291615824437507
0 0.3979191352679624 0.747883600492431 0.05346673134088879 0.04643989532659738
0 0.3860320756974491 0.7914699463321184 0.08471161914102669 0.08924564437666653
0 0.43429530189376314 0.7871104078631255 0.12568005454853623 0.12136846656500015
0 0.5027851692382 0.7910543318750699 0.11300663277816092 0.11951502583555573
0 0.5116330876605908 0.7395645670574311 0.0965179320595249 0.08328658510611113
0 0.5844602033310352 0.7185448586605562 0.11439741507440608 0.10396276101791671
0 0.6274263972311042 0.6983966660312506 0.07099937081501899 0.06399107123840295
0 0.45157462497881307 0.8290258041396532 0.07586029258539462 0.06566267401194459
0 0.5362930603863226 0.7996669188810422 0.08714122799290429 0.0970945119678472
0 0.580558213497587 0.7537011086605562 0.10745543205952472 0.08354115824437507
0 0.36874764041253705 0.7072579472820489 0.1097116191410267 0.08982752583555573
0 0.42334416936079755 0.6740648939954171 0.1345364933040305 0.10287303970326392
0 0.05170118491711919 0.4304343420399654 0.0491260748816398 0.049455792553055745
0 0.01999164347521477 0.4499285712384028 0.03998328695042954 0.02768989532659738
0 0.015652265065931252 0.4737472777354167 0.031304530131862504 0.046912674011944586
0 0.06872122737991618 0.4817429221120834 0.052424496652015276 0.05109102773541672
0 0.029919712068789746 0.4855394161281598 0.05798080957051336 0.044986498100139015
0 0.011227879838080702 0.516080248100139 0.022455759676161403 0.041752395326597205
0 0.0314864722353415 0.5208229526972917 0.052424496652015276 0.05109102773541672
0 0.01817369700285849 0.5446234753987154 0.03634739400571698 0.05261716014423605
0 0.04459685656489708 0.5438428786090974 0.05016830957051337 0.04480466014423605
0 0.06994029197240663 0.5131020248856251 0.06370884019276621 0.05447060087368065
0 0.09893325285759436 0.5129935753224654 0.033849622489011466 0.03819098423243048
0 0.09484676482073608 0.4580696859797918 0.047912122489011444 0.03851829255305557
0 0.8146304791765061 0.4090283075581257 0.032288826555632255 0.024128484232430657
0 0.7949249553728203 0.4030867788727785 0.04339974832600753 0.025945557370694417
0 0.7751378328838088 0.44022310296097283 0.04634962248901146 0.03848192496187508
0 0.8088165897023758 0.42612488858017433 0.02638567009638315 0.027108013867708357
0 0.8062161151800542 0.45661182237576464 0.03124659186675851 0.028779616641250172
0 0.7826961644614181 0.4920947274860076 0.046696466029762365 0.04160692496187508
0 0.752489251183602 0.5031406770491673 0.04426515311126433 0.04778418977951393
0 0.7129030777392342 0.4787212520872924 0.041488700718636015 0.036810322188333446
0 0.7080387478356173 0.4519769141313896 0.04565423134088888 0.04625805737069442
0 0.7273957240319314 0.4469445752255562 0.030030935407509673 0.031868249050069505
0 0.7567372325244909 0.45780999325357713 0.040968435407509676 0.03212282218833344
0 0.7953627699653107 0.4344276978507299 0.04200896602976236 0.04149782218833344
0 0.7842552563281767 0.4639333598948271 0.03645435717788494 0.03357621941479181