0 0.6281432963373627 0.7423443075212274 0.12299070303441759 0.11668445712440043
0 0.6009268342190894 0.6620665222037669 0.1408159318225902 0.12559838217054295
0 0.6486154219413367 0.7994151303156165 0.1261157030344176 0.11688471622369914
0 0.6890807963373626 0.7462493599575508 0.04913887272903601 0.04977875693983034
0 0.6921737164910232 0.6891179804079015 0.16999324879205205 0.12125084361388012
0 0.5641449560300417 0.852902273283501 0.09881987939699588 0.08715764342930968
0 0.4977227305758488 0.8392217026485802 0.10621779121570682 0.10162066162790744
0 0.4492852305758488 0.8361176866094514 0.02987868969849785 0.042327202344038285
0 0.3653724872438086 0.7961854966039139 0.15344347758022475 0.1279619185677376
0 0.42430107709208775 0.8054591694905883 0.06007637272903601 0.05047966378737563
0 0.4502735167905856 0.7662860479605034 0.09011455909355419 0.07571949568106326
0 0.529323159064459 0.74072364589332 0.13485297424624482 0.10967299352159507
0 0.5862589431531641 0.8032725131044682 0.05239141848667046 0.05154151603912913
0 0.7477061104318865 0.6534098203211538 0.034056006667959694 0.03637759099298634
0 0.7021065680082319 0.6347809338316741 0.10430460485118864 0.07818316162790725
0 0.7295139619490953 0.5972704418512386 0.07267196757828494 0.07149307063492075
0 0.482910286794465 0.6647130559800678 0.16202125212603188 0.13783756631598418
0 0.6453782069481255 0.6177948904946493 0.16670875212603206 0.13813795496493206
0 0.5601422086151155 0.6036940152639365 0.12426616061076282 0.13230945712440062
0 0.6274253034643644 0.5875869563492081 0.0685266015172088 0.05879281153562203
0 0.7515323542229688 0.5680533112218551 0.0360011439408634 0.041165220542635696
0 0.7169500601323242 0.5587691463547454 0.09661965060882309 0.07924501387966068
0 0.664717880435766 0.5444272416666684 0.07177914727484325 0.060555570634920744
0 0.6893510896791012 0.5216603701365836 0.06721919303247788 0.06181768198597286
0 0.34072304467037273 0.7325642851605769 0.11925992515463033 0.09002182757475126
0 0.3000024498211238 0.7503735464193438 0.03367336939505616 0.03169009099298634
0 0.25704954633736266 0.7185635394795135 0.11639001666989943 0.09294656847545255
0 0.28530196315704337 0.6803218622739027 0.11948306576151388 0.11179669802510173
0 0.42151065906445917 0.7338147069675169 0.09298446757828498 0.07279475478036197
0 0.3716061249757542 0.6717164227297907 0.11221269970043757 0.09889617982650449
0 0.4430028928536016 0.7014225115633088 0.16763352333785927 0.13042558451458142
0 0.3903241740673686 0.6540678477759332 0.09001870636839734 0.13166910703211537
0 0.5487589431531641 0.8008694039128846 0.12624324879205204 0.11844721622369896
0 0.4713832422447785 0.7770628616555938 0.12327774545807202 0.10115958667404978
0 0.37562381634124203 0.6224976727297907 0.1032522878817268 0.0843330320782579
0 0.43941524937178017 0.6203029194905882 0.08867960485118864 0.07718186613141391
0 0.4636497169500652 0.5543169740863801 0.10883260818516849 0.09557092072720579
0 0.4981525205836075 0.6319203423772624 0.07904951333591956 0.07345608883351815
0 0.5020426661914609 0.5842640923772624 0.09349465060882309 0.07904475478036196
0 0.2966857443708103 0.6370725100221493 0.10401756242753404 0.09370803207825791
0 0.3263411645244709 0.5816433328165385 0.11910042848861027 0.10710919802510191
0 0.5964940389204969 0.543196606256923 0.1659754284886102 0.11011308451458142
0 0.41655157634318174 0.5732882171465497 0.08619233363936125 0.08479410703211539
0 0.2310287934624248 0.6140169393872285 0.020280549091614475 0.019951554595791877
0 0.5178269049815732 0.5255899992248076 0.08268469636645755 0.07990634793281685
0 0.5779830260436193 0.49096347778700783 0.11393469636645773 0.0819089389258032
0 0.5540192386209345 0.4478049606681447 0.12576501666989942 0.0935473457733483
0 0.6050555801362035 0.44793417103174765 0.04732128121376693 0.046553627390180985
0 0.361497285586517 0.5454147385843495 0.07866687606301595 0.06876858883351815
0 0.3887931092239386 0.5188918113787386 0.11597542848861027 0.10690893892580319
0 0.4668223854367358 0.5058294093115554 0.09492960485118865 0.07758238433001133
0 0.43638532846921363 0.44576399444444564 0.15969347758022465 0.12836243676633483
0 0.340849816800284 0.500112730564785 0.08217451333591956 0.07365634793281668
0 0.3379638039234064 0.4488808975913631 0.09818215060882318 0.07934514342931002
0 0.46435070286523955 0.3917971876891855 0.12353283697334128 0.10428458667404979
0 0.5392071816534123 0.38874084129752823 0.11144742515463033 0.0895211798265045
0 0.6127722274110468 0.3918844301310463 0.11495506242753387 0.0944089389258032
0 0.3221317677086696 0.5177613055186425 0.05382637272903601 0.05007914558877822
0 0.29100944240425797 0.5526777236249547 0.10988492515463033 0.08942105027685514
0 0.3733112436219043 0.41030855335917416 0.11795251666989941 0.09304669802510186
0 0.5002401475647074 0.32734346390734725 0.1185582945496865 0.11950906847545247
0 0.558865848473093 0.3499484515688461 0.08635183030538159 0.06770673658176474
0 0.5701698813538499 0.29805528454226804 0.09894742515463051 0.08872014342930994
0 0.41044432392728575 0.34986120912698526 0.1254779742462448 0.10907221622369914
0 0.39048238135384983 0.2865403863325961 0.11792056576151388 0.11169656847545247
0 0.5494586396887996 0.25353452652270353 0.09987219636645754 0.0810077729789592
0 0.47981594832331176 0.2985478354374321 0.09661965060882309 0.07924501387966068
0 0.4404184795370787 0.25204427282207575 0.10503792848861022 0.10620803207825791
0 0.5084030760533176 0.22734346390734722 0.10972542848861018 0.10650842072720587
0 0.5452970402976227 0.17944618444998298 0.10609024545807202 0.10005816162790726
0 0.2538602577067299 0.5652184939830203 0.04056109818322886 0.039903109191583755
0 0.24775364998060337 0.5341990314599491 0.05357128121376693 0.046954145588778216
0 0.28011961089092857 0.5032889929032862 0.07735946757828502 0.0717934592838688
0 0.3046411208928682 0.45302817704872733 0.10972542848861026 0.10650842072720579
0 0.2562354428632999 0.43029278145994904 0.06422173879011232 0.06317992288667429
0 0.31132142665244245 0.4000533713732013 0.07410692182065048 0.07003070018457014
0 0.47096671999418105 0.18567759561646488 0.08775483363936125 0.08489423658176469
0 0.45829124787396813 0.15816386489479634 0.07646664727484324 0.0608559592838688
0 0.4146848980237493 0.20170431137873862 0.10076501666989941 0.0919452729789593
0 0.39732192590353643 0.1738901920081221 0.08737219636645772 0.08020673658176473
0 0.36516313014590185 0.17340003624031106 0.0916451081851685 0.09446949568106336
0 0.36315447787008875 0.255731674889259 0.1142534318225902 0.1238961798265045
0 0.3479439371134241 0.23041149984311646 0.07892196757828503 0.07189358883351812
0 0.34979386635094034 0.36168128624031104 0.09323955909355401 0.07591975478036198
0 0.32546341710954474 0.33263533389627253 0.10143469636645772 0.08110790252860856
0 0.2743474561992195 0.36234381785714365 0.09024210485118864 0.07728199568106335
0 0.3014996296868599 0.2894768167774095 0.10156224212409218 0.08267040252860855
0 0.2726422086151155 0.5852701781284615 0.025350686364518003 0.024939443244739935
0 0.25527936543285645 0.5959375678571437 0.04888378121376702 0.04665375693983016
0 0.24907729179543484 0.6238122439830203 0.036925915152690704 0.03345285009228505
0 0.22599060709790675 0.6372541802879299 0.032365960910325245 0.03471496144333699
0 0.23106061543285644 0.5943855598375791 0.040178460910325245 0.03521560919158375
0 0.24606399103683047 0.6511059292081957 0.036925915152690794 0.03345285009228505
0 0.37646832346824377 0.46784045110742073 0.03925368969849794 0.0429279796419344
0 0.2804228866446838 0.6054022054263575 0.051371052425594324 0.039041516039128865
0 0.2952972981735305 0.24038847470468888 0.08191942182065048 0.07053134793281668
0 0.3783672105719695 0.9352375046234783 0.09126247091226487 0.08978199568106363
0 0.3345213578468128 0.8758834885843495 0.09591802000387935 0.10873225478036197
0 0.26130699845369626 0.8492022702011821 0.07748701333591956 0.0733559592838688
0 0.2832459002704674 0.8883043429955713 0.06524210485118864 0.07567992288667398
0 0.23366048845175663 0.8992628269564424 0.08657497091226493 0.08948160703211556
0 0.14528351466455375 0.8755366278516064 0.09323955909355411 0.07591975478036232
0 0.17983372890885888 0.8274891540697681 0.0979270590935541 0.07622014342931002
0 0.20593397224089913 0.8637165507382806 0.07579696757828502 0.07169332973421945
0 0.1740305258744414 0.9370644131690667 0.0954397878817268 0.08383238433001132
0 0.1472925537542285 0.9086495165005543 0.09078423879011233 0.06488212523071261
0 0.12068238526755792 0.9556351380306392 0.06409419303247779 0.061617422886673975
0 0.09939731663110611 0.9566271391103733 0.056281693032477834 0.06111677513842757
0 0.09193537405767026 0.8941073527131789 0.051371052425594296 0.03904151603912922
0 0.07098501633154371 0.8621366594684389 0.13006987939699582 0.08916023442229637
0 0.12058627466649344 0.822121731183094 0.08816942182065049 0.07093186613141392
0 0.0917436686073568 0.7810065754152828 0.09024210485118864 0.07728199568106345
0 0.051954414379538835 0.8136095218992251 0.10390882875907767 0.08785855027685514
0 0.16570732709208774 0.7888877290236256 0.0669641015172087 0.05869268198597268
0 0.12876517860929648 0.7315467959579186 0.08424719636645768 0.08000647748246621
0 0.05410671680513316 0.7429465684754526 0.10821343361026632 0.09148419802510191
0 0.18645013285166195 0.7368140892949434 0.0938772878817268 0.08373225478036198
0 0.21723787618370216 0.7733418746124039 0.06929187606301594 0.06816781153562221
0 0.16612152845951528 0.687605831275379 0.09709788273097572 0.10414488433001132
0 0.08879375391370806 0.6920744833425622 0.10258260818516851 0.09517040252860856
0 0.1096322834604851 0.6580697231635294 0.08788237939699584 0.08645673658176474
0 0.035755265063252606 0.7036943013565893 0.07151053012650521 0.07279475478036197
0 0.034543644834701466 0.7729950138796606 0.06908728966940293 0.07365634793281668
0 0.3234883919355177 0.9340767203857521 0.0654016015172088 0.05859255243632333
0 0.32500322344884713 0.9714807823089707 0.08112219636645772 0.05703843538205859
0 0.4058542239078891 0.867889318318569 0.08749974212409231 0.08176923658176491
0 0.38354917602422256 0.9806549244278336 0.08973192182065048 0.03869015114433268
0 0.4153889784498169 0.9624655301495022 0.08855205909355415 0.07506893970099568
0 0.52989763072563 0.8876184322905146 0.06814396424430527 0.054105311535622036
0 0.29821732496605585 0.9261745828165384 0.06371155575957417 0.05692992288667398
0 0.17784130996314634 0.9866465037006279 0.0845661896984979 0.02670699259874425
0 0.2508642217818572 0.9745365299187896 0.10873701333591956 0.05092694016242092
0 0.26770103541733914 0.9990253901901074 0.07678564060688356 0.0019492196197852252
0 0.32530624132669456 0.9936963425341461 0.08574605242559433 0.012607314931707947
0 0.1290371481444355 0.999507449104836 0.06195786606107627 0.0009851017903280024
0 0.22776053012650524 0.6829171337117025 0.05200878121376693 0.046854016039128865