0 0.2769255020262503 0.16623028145994906 0.037519123845462944 0.038140350092285044
0 0.23863469010351884 0.18184598704319002 0.1618342016024071 0.16263730721668548
0 0.16361556625805593 0.21317752775932125 0.09318265494824063 0.08831962523071264
0 0.1290362232325468 0.27616888109080884 0.09162015494824058 0.08821949568106335
0 0.19056904552287082 0.24632998920265833 0.12927597983046274 0.1279223457733484
0 0.14715194472166726 0.3205394447858993 0.14810389227157378 0.14777377081949092
0 0.13208401932106548 0.35806972316352936 0.10038956220555537 0.09965764342931002
0 0.2697288652212967 0.2215488371354751 0.15816239745537006 0.15618704811738687
0 0.30565680329856526 0.24192069632705876 0.13919778397749977 0.13477312307124434
0 0.22661456079143574 0.3012771074935407 0.16142409849212935 0.15794980721668547
0 0.328626120122269 0.2936729634459219 0.16978340263916633 0.16470045496493207
0 0.3598268934493523 0.2603190453396097 0.11867067049962943 0.11325906847545246
0 0.2432361327989358 0.34476629163898187 0.17386530989648116 0.17583821406423078
0 0.20292419962263958 0.3924633119970474 0.14429538708777753 0.1397610117201923
0 0.36310913539083395 0.3485199521871549 0.10365126324231469 0.10142040252860855
0 0.32276780791671367 0.38757315777039586 0.10718636635259245 0.10630816162790727
0 0.20843261437282487 0.44623915406976805 0.1663850005656478 0.16137519586563354
0 0.30671428949060275 0.490247574796974 0.1107214694628702 0.11119592072720579
0 0.266869830960973 0.4248438178571436 0.12404167568342572 0.12137195712440044
0 0.27870615815226935 0.46017004857881216 0.02874971658814811 0.026702202344038462
0 0.27694887704949167 0.5071952429032862 0.04615183006601846 0.04801599784053181
0 0.38422342629555634 0.4394348488556674 0.1530647943450923 0.1511991594684389
0 0.39186841390171356 0.3071532749815441 0.05933533524981467 0.05662953423772628
0 0.3996030014606024 0.32650405227944 0.05253853110277777 0.04997901603912895
0 0.4313020607914357 0.31439407849760176 0.037519123845462944 0.038140350092285044
0 0.4564975504238432 0.3317212808416402 0.05621033524981467 0.05642927513842757
0 0.4360975760600006 0.36733860579549765 0.10732306738935163 0.10787066162790726
0 0.41693747294972283 0.3708245511997058 0.12091667568342572 0.12117169802510182
0 0.47210342657838034 0.3688603354374321 0.08964755183796277 0.0834318661314141
0 0.4451800501410192 0.4072021421926923 0.03398402073518518 0.033252590992986386
0 0.43256318147935263 0.4346763001199717 0.06626884043361106 0.0648425524363235
0 0.46928193147935265 0.43702934453673076 0.0426167269557407 0.0431282387412331
0 0.447993400376575 0.48280291949058823 0.12247917568342573 0.12127182757475126
0 0.37144117082893613 0.5226781454318947 0.1308384798304627 0.12802247532299765
0 0.40176365786944546 0.5442620511997058 0.10847546427907381 0.10328329117755644
0 0.31436140268564916 0.5465173611941685 0.10365126324231469 0.10142040252860873
0 0.30021142832180664 0.5825352043466233 0.1438852839774997 0.1350735117201923
0 0.3442252684725937 0.6002827112864535 0.16128739745537005 0.15638730721668564
0 0.48930119703074143 0.4147433343576979 0.059335335249814845 0.05662953423772628
0 0.5092528205933805 0.45608902760243775 0.17290840263916643 0.16490071406423076
0 0.5293896633360656 0.46837827652270353 0.06599543836009243 0.06171755243632351
0 0.5460987097074083 0.47494845156884613 0.06443293836009242 0.061617422886674336
0 0.560073026813936 0.449918173191216 0.018691211404351905 0.018288925046142525
0 0.594135668519862 0.46467108805832574 0.10406136635259244 0.10610790252860855
0 0.6407563902918063 0.43466221544850675 0.08652255183796279 0.08323160703211538
0 0.6926216866631488 0.443485305361759 0.10324116013203692 0.09673290252860856
0 0.43442033298722327 0.5840650308416402 0.0951552580585183 0.09310725478036197
0 0.4781600625348621 0.5420870843576979 0.09658105702175916 0.09164488433001132
0 0.32433314203523267 0.6390751010151356 0.1069129642790739 0.10318316162790726
0 0.2812085671530105 0.6740217974990781 0.05097603110277769 0.04987888648947951
0 0.33327891507949203 0.6805011374123302 0.13451028397749978 0.13447273442229637
0 0.3119220334583347 0.7270559623661877 0.15986159849212936 0.15784967766703611
0 0.2751356414695848 0.7883346213732013 0.10378796427907382 0.10298290252860873
0 0.5746926014133342 0.48935091301218325 0.06613213939685174 0.06328005243632351
0 0.5348686837884269 0.5135103038205995 0.09685445909527761 0.09476988433001132
0 0.5173401397261583 0.5791655821982296 0.13083847983046262 0.12802247532299765
0 0.4618522658806956 0.6117487422849773 0.08496005183796278 0.08313147748246603
0 0.4873990700277326 0.6071008150793664 0.09529195909527761 0.09466975478036196
0 0.4252510930719919 0.6439709569675169 0.0852334539114814 0.08625647748246604
0 0.40223396663463085 0.6825630875969004 0.16693180471268487 0.16762519586563335
0 0.3445007961350014 0.7857090715577715 0.16611159849212936 0.15825019586563355
0 0.40786066710574226 0.8337646421926923 0.13056507775694418 0.12489747532299766
0 0.3858783603668071 0.8425691432724264 0.1478304901980553 0.14464877081949085
0 0.4278013116863903 0.7674783081395361 0.08992095391148122 0.08655686613141392
0 0.4635925487268996 0.7894126673311199 0.10025286116879606 0.09809514342931003
0 0.45185396635180697 0.761949001384276 0.02365211347787035 0.02171431369509058
0 0.6094833727606499 0.9744677332641205 0.08326085080120364 0.05106453347175908
0 0.5483893393487981 0.9554179433970107 0.09882706220555537 0.08916411320597853
0 0.5006647388304184 0.9537908382152093 0.10521376324231468 0.09241832356958142
0 0.543798875635372 0.9053263664359559 0.10562386635259244 0.10620803207825773
0 0.5256735922235201 0.8790246822905147 0.1175182736099071 0.1178464389258032
0 0.5707420844478257 0.8936972540051696 0.07333904665416657 0.07461807063492074
0 0.6857908860029646 0.8987130259043947 0.0897842528747221 0.08499436613141427
0 0.63689405621977 0.8649400007659672 0.09345605702175916 0.09144462523071298
0 0.5496079611680107 0.7760696630121832 0.14048688190398123 0.1317482526208938
0 0.48793772931129764 0.7446206014765611 0.03894492280870363 0.0366779796419344
0 0.6531689159279639 0.4723822609449999 0.10691296427907382 0.10318316162790726
0 0.576597562534862 0.5483952459856052 0.14898288708777763 0.1400614003691402
0 0.6120169441560195 0.5027415869785916 0.0681047425071295 0.06806768198597286
0 0.6627592379354639 0.5154208621170191 0.07476484561740726 0.0731557001845701
0 0.6815974208289362 0.5425538610372851 0.08822175287472209 0.08489423658176456
0 0.7211089801597694 0.5309445350036934 0.07802654665416657 0.0749184592838688
0 0.47953876041407534 0.6969445650793664 0.1526546912348145 0.1465116594684389
0 0.5640203586233807 0.6292947925618325 0.1190807736099071 0.11794656847545255
0 0.5822734896788901 0.7349533096806956 0.10888556738935158 0.10797079117755644
0 0.6869411573037976 0.7149492951827262 0.11187386635259244 0.10660855027685515
0 0.6261300878881956 0.6647001688722793 0.1585725005656478 0.16087454811738694
0 0.5973120207816679 0.6887792165282409 0.0819717528747221 0.08449371838316751
0 0.6433360032040287 0.5668133813953506 0.09345605702175916 0.09144462523071262
0 0.6246058355791215 0.5923245211240328 0.054511134213055354 0.054766645588778216
0 0.5942737866158806 0.588809494905871 0.06796804147037036 0.06650518198597286
0 0.6813342892077788 0.5904604349114082 0.07462814458064812 0.07159320018457009
0 0.6796159643255566 0.6280605644610576 0.06613213939685174 0.06328005243632351
0 0.7287274075866215 0.641420960049836 0.09869036116879606 0.09799501387966067
0 0.7471643407629177 0.5923221259966798 0.131521985014259 0.13583497532299765
0 0.7011984384065753 0.6687251372554467 0.09855366013203692 0.09643251387966068
0 0.7851824591417603 0.6426818738372114 0.10038956220555555 0.09965764342931002
0 0.795668065692408 0.4060935317644908 0.06300713939685174 0.06307979333702493
0 0.7753460037696767 0.42286072716869905 0.04771433006601846 0.048116127390180986
0 0.832933619839445 0.40219657618124993 0.06953054147037037 0.06660531153562221
0 0.812562331243797 0.3836072624861594 0.04587842799249984 0.04489099784053163
0 0.7863915190382416 0.4762057726651923 0.07265554147037019 0.06680557063492074
0 0.7924555913285656 0.44281228176449083 0.06585873732333329 0.060155052436323686
0 0.8624454625821304 0.41508660239941175 0.05423773213953709 0.05164164558877826
0 0.8333150371815286 0.4517157148301979 0.05437443317629622 0.053204145588778215
0 0.8554545858619453 0.5309118614987103 0.056073634213055355 0.05486677513842757
0 0.9402000242220379 0.47820596853082564 0.05179623732333312 0.05925388648947951
0 0.8170270729024548 0.5480900670819513 0.06470634043361097 0.06474242288667416
0 0.834097704240788 0.5774666864525677 0.03554652073518518 0.033352720542635696
0 0.892241686380325 0.5324836559154693 0.052401830066018465 0.04841651603912887
0 0.8629451656451398 0.5620314535714309 0.045741726955740344 0.04332849784053163
0 0.9499755654095843 0.492188125378371 0.030331340433610875 0.06253957279438911