0 0.6601694813290184 0.34837321799936605 0.12416597727182861 0.13763719810012062
0 0.6704524163942102 0.3114464280852743 0.10487050649282174 0.10540455223856356
0 0.6223888376596843 0.41976353912112224 0.14162621266133205 0.15416295680654796
0 0.569121741475288 0.31940501300184043 0.12997960064862307 0.11296474672063965
0 0.6219269618472578 0.5274532083884276 0.12737279788867967 0.14248847241038015
0 0.5353621704514 0.4870119148562912 0.12457508035608367 0.16107469810012062
0 0.7397729809219813 0.5266044386007238 0.14820349512873604 0.17324050542706698
0 0.4203371883083074 0.5153272653766896 0.16155688311602714 0.13335248982323478
0 0.568059847805954 0.39271968226914583 0.05416139448011279 0.06215916327441153
0 0.5103973522701809 0.39828360752934494 0.08302278003177221 0.10582063206674715
0 0.47254675040374183 0.33151550938379576 0.1366659772718286 0.13829229534115867
0 0.43664443222252275 0.24221399197094126 0.15942163879807011 0.10045810266810493
0 0.6040268011350906 0.2174231111473896 0.12677278003177223 0.10811347241038013
0 0.38523589082666493 0.2036151594292243 0.121231892044481 0.14841092378986112
0 0.4833188348203105 0.1884615502023987 0.09269778896022576 0.1234994549975256
0 0.3925280137964224 0.3530795708946136 0.10824096834337489 0.11963082654882307
0 0.320298457790068 0.329000261758645 0.17022277110331832 0.09321881275401314
0 0.3704933267026357 0.29806784430036193 0.09144320616851012 0.05162445499752559
0 0.3202360024323367 0.41485587460351525 0.11753414772652385 0.11543464947960161
0 0.24024849350388297 0.39349212969189795 0.12359323295387144 0.10482469810012063
0 0.23296387337349928 0.4680417503386843 0.17871710957707682 0.13269074852966192
0 0.3294530896882792 0.495734060379164 0.07326595048646736 0.0834543091359686
0 0.40902181290291806 0.4483887488683463 0.12219437418757342 0.11411781094499088
0 0.4968372329505762 0.6051953488229177 0.1277546274339844 0.16436347241038013
0 0.3388786826262645 0.5438406897323776 0.09692163879807011 0.09718261646291496
0 0.37255029910320026 0.5947790699901024 0.13749209172016935 0.09618668249628844
0 0.4121446331127319 0.6272949988683463 0.06795115909060953 0.04727114767057934
0 0.4400474906612139 0.660759274083117 0.06806025324641088 0.05352114767057934
0 0.45445090989809317 0.6810275084792847 0.03952615016215581 0.028609678878243727
0 0.5063134188265469 0.7009172845985665 0.09667617694751698 0.08312011646291495
0 0.621042346181101 0.610924127655733 0.12074096834337489 0.12028592378986111
0 0.7402075831954574 0.4173522693334185 0.1568693831160271 0.1331068283578455
0 0.6774330734562248 0.26419961386092305 0.1389727711033185 0.09158106965141818
0 0.7856370856310895 0.3369963839873111 0.13373189204448083 0.14906602103089917
0 0.8368041193163094 0.31704241010659284 0.13313187418757347 0.11469102103089916
0 0.8462121213449045 0.40885809588224165 0.10328073295387137 0.1037601650834338
0 0.7094093709378673 0.5757479454981288 0.10155459172016937 0.09430327792830404
0 0.6261349951254408 0.6790975955435574 0.11926028896022593 0.12489153663473136
0 0.5977605791349724 0.7080514331736569 0.11591710064862308 0.11222776232447203
0 0.5424378794592839 0.758228495588986 0.07321140340856669 0.08032930913596843
0 0.6111021047025176 0.80163433683713 0.11942393019392786 0.13426653663473154
0 0.6754355657422918 0.6863645409301447 0.1032261858759707 0.10063516508343398
0 0.6781417800284768 0.617819258817969 0.05246252678536116 0.05426477611928178
0 0.7731775904990581 0.6516796817033189 0.15492505357072234 0.11114994120271575
0 0.6799026976405029 0.8528526780852743 0.11681712743398442 0.16379026232447194
0 0.5730759991826305 0.8589621579588863 0.12109552434972919 0.14059842378986112
0 0.7067796542193456 0.24622421980838832 0.11887845941492117 0.10301653663473136
0 0.8048661469124496 0.4995749491161735 0.09694891233702033 0.09874511646291495
0 0.8365116132272294 0.5238689422187685 0.06649775324641069 0.05343926051544958
0 0.7694116623337252 0.6147971573930594 0.058576159090609536 0.0467798247398008
0 0.7748861408233697 0.7048456252808838 0.12307503571381488 0.07513719810012062
0 0.681886163144504 0.7429011459730986 0.0809966298696164 0.07917624491161739
0 0.7331816562446452 0.8197402849372507 0.10818642126547413 0.11650582654882306
0 0.7132316205308302 0.7500076390756937 0.06687958279171564 0.07531426051544958
0 0.34507413554836386 0.5410432383528967 0.09832049756436803 0.08788950361804453
0 0.6519101111953394 0.9036815157153739 0.08258640340856652 0.08082063206674732
0 0.976294403205048 0.43448661691314083 0.04741119358990389 0.11503850180902227
0 0.8203605077073425 0.5823431835123413 0.07463753571381489 0.07259869629109836
0 0.8203292800284767 0.6252709899347764 0.04454093262956001 0.04760534034363317
0 0.8626122374148031 0.6329506931232796 0.04629434740221221 0.058624727498762755
0 0.898154271100023 0.6121778476912639 0.05405230032431163 0.05590916327441153
0 0.8969736006453278 0.6339709605361342 0.031795470779006865 0.032887743102595124
0 0.9190434695578954 0.6015645742855156 0.042842064934808376 0.03971095318850324
0 0.8746389046230874 0.5617717339418825 0.04917388555165943 0.04472600180902227
0 0.9683961284482818 0.4864618747150569 0.06320774310343644 0.06141553482570909
0 0.9711967102256999 0.5389693990253164 0.057606579548600226 0.06125176051544958
0 0.9947938973194865 0.6354692627746978 0.01041220536102685 0.03387703301668665
0 0.9794183133099551 0.5800038348009652 0.041163373380089754 0.047932888964152195
0 0.9922183222384089 0.6087839320420032 0.01556335552318231 0.034122694482076096
0 0.9675082430968459 0.6056655760945379 0.034811376623205346 0.026801517412854636
0 0.9757262974816424 0.36100817333557594 0.019240923701106284 0.029107645861557074
0 0.8934729050301244 0.388699404113699 0.055532979707460586 0.05130355042954129
0 0.8948093084386912 0.46526190411369905 0.07751707386326175 0.05869997060135788
0 0.9484700965881381 0.45402451096567553 0.05100912094116268 0.0604328889641522
0 0.9289348924482226 0.4974912279489887 0.036564791395857554 0.03782090456798422
0 0.9128831984545771 0.5169439128201263 0.06326365909060953 0.04702548620519007
0 0.8735888733734992 0.5016154839418825 0.04270569724005639 0.03189845318850324
0 0.8678434338440806 0.5301941853213636 0.038181838473758486 0.041027791723114146
0 0.9095633295420095 0.550332944932302 0.038045470779006864 0.03321529172311397
0 0.905394026782066 0.5797747834669127 0.040897735389503254 0.017754066033373483
0 0.03295814488385472 0.36779833163720577 0.05418866801906326 0.06372166327441153
0 0.040039987821840095 0.4157821302577248 0.06660684740221223 0.05968926051544958
0 0.09926498335761322 0.41030009215265534 0.09336026217486464 0.07201884215265544
0 0.109103633519769 0.4373539150834339 0.05367047077900679 0.034034163274411534
0 0.07725756980277684 0.35685086555840373 0.07611821509696395 0.06799308344622812
0 0.07639845332584112 0.30763211555840375 0.06663412094116258 0.06125176051544958
0 0.030663213472110856 0.2810386380596409 0.0526534415580136 0.06520227611928178
0 0.029069485793245205 0.32388455732694627 0.04766593262955986 0.04776911465389251
0 0.12196609780595405 0.3693408994796016 0.04454093262955987 0.04760534034363299
0 0.02726943222252277 0.22075955732694624 0.047938668019063255 0.06339411465389252
0 0.012306905437161546 0.16846007293077853 0.01986821509696394 0.06504514586155703
0 0.06510462296975747 0.15249423620519006 0.11060230925276529 0.07604460085908263
0 0.06566373051823944 0.18452548620519008 0.1167159415580136 0.06855964947960161
0 0.28432795576147313 0.23579249434579044 0.04448638555165916 0.044480340343633
0 0.33195693222252276 0.23672755257724792 0.02724433847375849 0.040454581637205854
0 0.32985864407307586 0.25066722184455326 0.030178423701106107 0.02968085594746528
0 0.3087376205341255 0.24799924525030162 0.027026150162155815 0.027954581637205766
0 0.2847370588457282 0.2592299943457904 0.025300008928453722 0.0184976944820761
0 0.3121353559236289 0.26378801956056114 0.0284522824674041 0.020223968792335522
0 0.27467626623205443 0.26416647783744707 0.0333034237011061 0.02984463025772479
0 0.25891312418757345 0.12128293701884418 0.03333069724005648 0.03140713025772479
0 0.2542722629856435 0.21314288839832515 0.0319045649348082 0.03913774310259503