0 0.6537066395157707 0.2320986229664622 0.1488315503645808 0.11021257142762993
0 0.6991482060609104 0.1970202394433979 0.25408204411231433 0.19159103084255102
0 0.5715909178241942 0.244701988632619 0.22620574117149345 0.17862738068039521
0 0.734886095576681 0.4183321777550006 0.21131739631793015 0.20020237175194158
0 0.771048702558109 0.5546515073003053 0.22455405146436683 0.2222682865245938
0 0.9221364453077783 0.4100908039711689 0.15572710938444345 0.12786372158978576
0 0.9757458648833733 0.49537946752600537 0.04850827023325337 0.06855117694751697
0 0.9138042537626386 0.519383983354318 0.17239149247472269 0.20354556006354407
0 0.7312426966825107 0.3168924086802771 0.2030169382306724 0.16574555113509043
0 0.6500677323429868 0.3607048640380084 0.14019320551101727 0.13189665665497757
0 0.7832320468617793 0.47766231330665976 0.23212257242073803 0.20524442775829588
0 0.6316742648773295 0.44538382710637753 0.17999236065745414 0.15442622158978564
0 0.5301141238851047 0.42879457061355575 0.1813061635982752 0.16692622158978562
0 0.42091042627603253 0.383998493503883 0.20540056506868543 0.1735853246740408
0 0.4425695290315413 0.4491013421239112 0.19322901580389082 0.17649213636243816
0 0.5759872586250632 0.5239531120094135 0.17185140992224887 0.15116485389503395
0 0.5878185621157771 0.5920036826262646 0.18196306506868556 0.17317622158978557
0 0.9218979111952595 0.6469635125753112 0.11158024742375972 0.09708528003177204
0 0.8748258860129692 0.5923345137931271 0.16913461433348048 0.16983303327818292
0 0.9104981758993643 0.7091498668773821 0.100150071320952 0.09220686525911966
0 0.8579925595395368 0.6918572268614962 0.16165528308423588 0.14318871266133187
0 0.52503234722636 0.5807701278377262 0.11643197279136253 0.09872960064862309
0 0.7695119253494713 0.6513219557581779 0.08699316985054147 0.08573867694751698
0 0.7938878236937487 0.697756624995057 0.1554052830842357 0.1430796185055307
0 0.7092266088043316 0.686141240661214 0.09620394448293883 0.08433981818121908
0 0.7108830165270085 0.612867381894916 0.23566049484751944 0.1943887483751469
0 0.4466258503524932 0.539630884737585 0.19898633970108287 0.1719137305182395
0 0.4509308687326242 0.6176877008902091 0.1977522904362882 0.1750114569792892
0 0.660092330495908 0.6712468977232284 0.15951563528985133 0.15250916558343128
0 0.5563503058635106 0.6709957073830309 0.12884750109978604 0.11298301542127547
0 0.6392331235084364 0.7473048372526472 0.14751302940820957 0.12734552434972918
0 0.5478315915239866 0.716076382301953 0.11347119815896498 0.1002375535707225
0 0.6224068740583293 0.8023781209378672 0.1873919382306724 0.1654728157455871
0 0.5488473845365149 0.7925161513766765 0.20169841727430118 0.18287850405718978
0 0.5215949569572529 0.9890875937487642 0.11701855661684721 0.0218248125024715
0 0.5918793751581154 0.9125792353862081 0.08477376838013093 0.07946140340856686
0 0.4897163635801438 0.8086399833576131 0.08855566985054146 0.08576595048646718
0 0.3363825433589779 0.8262387662320544 0.21707472021512225 0.19562396590774292
0 0.37015939078878135 0.7098558356310894 0.18467514264190382 0.18414099512873605
0 0.45083673471578345 0.9469449581971052 0.16166000109978604 0.10611008360578963
0 0.5860352205615718 0.946009344152506 0.0763043669097204 0.07307503571381488
0 0.5313970334306852 0.8935877276755704 0.17004021286306994 0.16361030681713337
0 0.36214963931232713 0.9155876383910329 0.125971198158965 0.10045574188232535
0 0.3280632132095193 0.9103137573036006 0.09127246543931004 0.0670977711033185
0 0.37046189243846034 0.8759620767026357 0.10565869815896498 0.1001011858759707
0 0.5128862944587638 0.9357307686676863 0.17506088161382535 0.12853846266462732
0 0.44710886413003675 0.8632632536501527 0.15121045918704362 0.14768529788867965
0 0.4055877016315478 0.8095109622542948 0.15055355771663312 0.14143529788867965
0 0.46136153858316564 0.7020899744291594 0.18385401580389082 0.17632849512873605
0 0.36766556946782947 0.619353566556366 0.1822117621278645 0.16070349512873605
0 0.35328169575594953 0.5715336753226639 0.05336426102807863 0.047720479707460586
0 0.37610453013132733 0.5586751651763942 0.08017074007170741 0.06534435633066593
0 0.4456945290315414 0.4491558892018118 0.20030014264190393 0.18441373051823948
0 0.576461288959834 0.3874934606294418 0.13254964889417026 0.10368983603812651
0 0.9317726643213927 0.6073652244258642 0.08148454301252812 0.07784435633066593
0 0.9804404419066988 0.4316306132239342 0.039119116186602555 0.1185239034085667
0 0.6964073678060629 0.8832111095737816 0.16346176212786467 0.16037621266133187
0 0.7240866455645936 0.8423639671222635 0.1461147547758122 0.12888075081077882
0 0.9931773439270021 0.5606459573797355 0.013645312145995802 0.12924321509696385
0 0.9955515347339148 0.6668004999934094 0.008896930532170444 0.07312958279171564
0 0.9887032690166364 0.7017112881428564 0.02259346196672709 0.09196140340856669
0 0.9833916673609135 0.7807987702859489 0.033216665278173 0.06647047970746059
0 0.9525400962997989 0.8494709038090132 0.06142074007170741 0.06501707386326175
0 0.8149367525460214 0.9729422167185217 0.11470996543931014 0.05411556656295673
0 0.8139983542017442 0.9336123043782061 0.11083887426177305 0.10487050649282174
0 0.7777652032812267 0.9759444857932452 0.06717806396889969 0.04811102841350952
0 0.866187314865242 0.8736975620888436 0.11429232499697797 0.10805005357072232
0 0.8991944810397573 0.9428975754815244 0.056817711763283894 0.050900026785361166
0 0.7604932315896503 0.9898706180984934 0.0579720073520523 0.020258763803013124
0 0.8111034054928862 0.7799378794592841 0.0763043669097204 0.07307503571381488
0 0.9131984584337072 0.7941970227215809 0.08839144448293865 0.08420345048646745
0 0.8546844621097331 0.8087719914719929 0.09611947279136217 0.09837504464226861
0 0.8222778075131897 0.8417384500761351 0.08757031764492566 0.07639095048646709
0 0.9178788814103818 0.8387282727215808 0.07926514154211795 0.07156708279171582
0 0.9209944453792813 0.8980487256436802 0.07301514154211794 0.07145798863591431
0 0.8704078615537967 0.9586575742670037 0.10376774742375972 0.08268485146599254
0 0.891909815965028 0.9777894038123085 0.05138883860129688 0.044421192375383
0 0.9637173099162052 0.7843368275101193 0.07256538016758966 0.09519549756436803
0 0.9301889332514168 0.7406862390363609 0.10475309962937515 0.10632391233702024
0 0.765464813765456 0.7612054703686744 0.08962549374773357 0.08110572402541774
0 0.715427295935218 0.737717377430689 0.0825543669097204 0.0731841298696164
0 0.6304093222172944 0.9007747106294417 0.09636816985054146 0.08590231818121907
0 0.7478384422531481 0.9347969289728166 0.09061084595334937 0.09048072402541756
0 0.8135127551222616 0.884475374995057 0.07893669080691268 0.06844208279171582