0 0.3265625 0.9334193966304737 0.125 0.13316120673905268
0 0.39140625 0.9499096907236148 0.1171875 0.10018061855277054
0 0.371875 0.8933097724621625 0.078125 0.07916828202986607
0 0.44375 0.9273633419296393 0.128125 0.1447734825289803
0 0.3359375 0.8524548627284242 0.125 0.1382317512477858
0 0.31328125 0.795652310939763 0.13125 0.13256521381017522
0 0.46328125 0.8979366624371059 0.1 0.09996040099822849
0 0.40546875 0.8198833837350049 0.1359375 0.165815310731967
0 0.38046875 0.7605182834854478 0.128125 0.14633598252898034
0 0.384375 0.7155704475869411 0.115625 0.12641905740420184
0 0.5015625 0.8921353706317403 0.0984375 0.09825203535763123
0 0.571875 0.8760430744586198 0.04375 0.05408423793672483
0 0.53203125 0.848886000623388 0.15 0.16244060149734274
0 0.47109375 0.8056972406400924 0.165625 0.1888992579033161
0 0.36953125 0.6696534740012665 0.121875 0.1285650199665911
0 0.35625 0.5816948660561894 0.1109375 0.1291064604824097
0 0.4546875 0.7065094014138206 0.0859375 0.09396011023285275
0 0.54140625 0.7396049444669719 0.1265625 0.14931511688838306
0 0.51015625 0.7062188816550254 0.0765625 0.10558491638926881
0 0.4671875 0.6670513265385992 0.1390625 0.16923204201316153
0 0.40234375 0.6141229024538102 0.1234375 0.13339838560718853
0 0.465625 0.5965929608980017 0.065625 0.0764388569050876
0 0.365625 0.5200700598997733 0.1359375 0.139252810731967
0 0.375 0.4850077537433572 0.1734375 0.19119108610630273
0 0.5 0.6068332549911428 0.0375 0.03787577537433577
0 0.60078125 0.7287415888096701 0.121875 0.1285650199665911
0 0.58671875 0.7563350480442942 0.0453125 0.047980103577322276
0 0.6265625 0.7944296218795259 0.0640625 0.06535549126449033
0 0.67265625 0.7909201582771469 0.115625 0.12485655740420168
0 0.728125 0.8429733885183518 0.1265625 0.15244011688838305
0 0.77421875 0.8152451749159727 0.078125 0.10104328202986608
0 0.4640625 0.5472283452574045 0.1453125 0.17606550457555095
0 0.5328125 0.6005214334436866 0.096875 0.09966866971703396
0 0.4828125 0.4544474829445724 0.1375 0.15502367637256426
0 0.73046875 0.7502234369792478 0.1453125 0.17137800457555094
0 0.8125 0.7422563831106073 0.1125 0.12300232612300714
0 0.8125 0.6805376331106071 0.1015625 0.12666876663882576
0 0.75625 0.6612239700491036 0.1390625 0.16766954201316153
0 0.8140625 0.6166209987512045 0.025 0.024208850249557122
0 0.7296875 0.5939005041589491 0.1578125 0.18035742970032942
0 0.55703125 0.45121985087294514 0.0890625 0.09425184151404728
0 0.5859375 0.4382933652239956 0.0296875 0.027771447171349096
0 0.61640625 0.5091064952156433 0.121875 0.13794001996659108
0 0.56484375 0.5824179290759318 0.178125 0.18694118302809457
0 0.61953125 0.622679476496838 0.128125 0.14164848252898032
0 0.675 0.6653577067380428 0.10625 0.1146063635606179
0 0.6890625 0.5338579975034188 0.1 0.1030854009982285
0 0.6484375 0.5636592408478884 0.10625 0.12085636356061791
0 0.56796875 0.5038034103571263 0.0546875 0.053542797420906396
0 0.51796875 0.5022607098580121 0.0453125 0.047980103577322276
0 0.65546875 0.45103438623057635 0.1046875 0.09571049792002065
0 0.559375 0.6615948993338411 0.0640625 0.05910549126449016
0 0.29765625 0.6355999045337898 0.046875 0.05437596921791972
0 0.2890625 0.6551101435105045 0.03125 0.03260481281194636
0 0.26953125 0.6267243230030379 0.0390625 0.04114664101493304
0 0.2453125 0.6096196555737794 0.0265625 0.027479715890154566
0 0.2546875 0.5933073494173634 0.0375 0.041000775374335774
0 0.28046875 0.6058703824872191 0.0515625 0.04856356613971151
0 0.26484375 0.5770679760812459 0.03125 0.03104231281194636
0 0.3203125 0.6330274563224509 0.0390625 0.04114664101493304
0 0.33984375 0.6215695268299174 0.028125 0.02918808153075183
0 0.3453125 0.6361425565720081 0.021875 0.022354618968362418
0 0.29296875 0.5859435576119978 0.0421875 0.03987587229612757
0 0.278125 0.5626828340263232 0.034375 0.03602154409314107
0 0.28671875 0.5423913450496085 0.0453125 0.04329260357732245
0 0.29453125 0.5212456732525951 0.0671875 0.05939722254568487
0 0.2984375 0.4731728373540884 0.021875 0.022354618968362418
0 0.30859375 0.561620964017971 0.0484375 0.05295933485851698
0 0.0484375 0.367803084858517 0.046875 0.049688469217919716
0 0.31953125 0.39154827350215227 0.040625 0.042855006655530305
0 0.3078125 0.35998553119767235 0.0390625 0.04114664101493304
0 0.33515625 0.3703506799081254 0.0265625 0.029042215890154478
0 0.35078125 0.36165308631409865 0.034375 0.03602154409314107
0 0.0625 0.3472408756238929 0.040625 0.0397300066555303
0 0.0546875 0.3886990474209063 0.0421875 0.038313372296127655
0 0.03359375 0.3921986112728424 0.0375 0.036313275374335686
0 0.0421875 0.41253212229612773 0.0359375 0.037729909733738465
0 0.01484375 0.40216697358567455 0.0234375 0.028750484608959858
0 0.07421875 0.32020986792837275 0.0328125 0.0358756784525438
0 0.05234375 0.3072302489600103 0.0296875 0.029333947171349094
0 0.0984375 0.32168953535763123 0.0375 0.03631327537433578
0 0.09921875 0.2631687181779299 0.0421875 0.044563372296127654
0 0.1203125 0.26045040432599376 0.0625 0.0589596256238929
0 0.21015625 0.27196267866033974 0.0453125 0.04798010357732237
0 0.184375 0.2570558955904839 0.04375 0.04627173793672501