0 0.45075203814745696 0.6794089844940868 0.10214428298109546 0.10295516693047428
0 0.39316627624360023 0.582437044602359 0.1257272287263694 0.12863712852981452
0 0.36792538172799044 0.5403033688963961 0.04557612041330898 0.04663095909205772
0 0.4433753545024315 0.6198293960142847 0.11315450585373252 0.11577341567683312
0 0.545306014045156 0.686065812944759 0.11628859621281222 0.11742684389007838
0 0.6057031585607658 0.7292224310497323 0.11473518657189175 0.11894387978345584
0 0.6427309807694728 0.7834158375553653 0.09900110226293642 0.09973923871722903
0 0.657996911585828 0.722151728621592 0.10529655405833438 0.10773359514371954
0 0.5944838574292978 0.6804666823033735 0.09586701190385671 0.0980858105039836
0 0.5132793092246958 0.685915048758994 0.0314318071815924 0.03215928213245363
0 0.49609635440423566 0.6861961935861446 0.04242384933607006 0.041852530878812286
0 0.5322429326630668 0.7231793680384662 0.0628545240041051 0.06275606426490725
0 0.5314475262436004 0.5864606180384662 0.12886131908544912 0.13029055674305995
0 0.6184935291704665 0.645233875956025 0.07229315651766247 0.07396634890464338
0 0.6850906767111384 0.6799786004874889 0.12887040944452863 0.13185305674305994
0 0.6857264809658646 0.6550013325408003 0.09585792154477701 0.09652331050398359
0 0.7034634268093344 0.6156804197669612 0.09114315046753826 0.09169941818411545
0 0.6651821768093343 0.6145665491547054 0.08173178903121965 0.0851766335443795
0 0.6415310533709633 0.5771658375553652 0.13045109016268802 0.13502352084968267
0 0.551550947984769 0.5511141514245611 0.10372496369925485 0.106125631037097
0 0.5694560654712117 0.5406994886507219 0.13200449980360834 0.13350648495630518
0 0.4874929931643089 0.5500313730530312 0.08800906010845858 0.09004598997087002
0 0.44189869203284077 0.5002754139609734 0.11786927693097127 0.1205973079967011
0 0.40768679761542675 0.39304793566858576 0.13671927088084707 0.13833037727617326
0 0.46793849638576274 0.41120455377355897 0.14615790339440443 0.14954066191590942
0 0.4403811229473916 0.373690181907662 0.050290891490547905 0.05145485141192587
0 0.5229441589535494 0.4674832975053528 0.09429542154477702 0.09647784639736087
0 0.5114839633064714 0.37732129875899406 0.1272897287263694 0.12868259263643722
0 0.6190788155694076 0.47731059006264775 0.10058178298109546 0.10290970282385174
0 0.5604123426967706 0.46310568606429714 0.10215337334017516 0.10451766693047411
0 0.674752098648699 0.5140808158477529 0.1430056323171655 0.14476223370266403
0 0.7031498094210875 0.5617741697669612 0.06914997579950324 0.07075042069139795
0 0.7225992461893711 0.5482799710997447 0.02200226502711473 0.022511497492717504
0 0.7184793727509999 0.511447560833188 0.10685905405833437 0.10777905925034226
0 0.7299890444921687 0.4758510416328581 0.04714771077238851 0.048238923198680436
0 0.6861435957218328 0.45817179664742297 0.13201359016268785 0.1350689849563052
0 0.6358572494108248 0.4074981952354972 0.13045109016268785 0.13502352084968247
0 0.5608027072563472 0.39594091811760845 0.13986245159900648 0.1415463054894186
0 0.5777674934588964 0.358159773290458 0.08800906010845858 0.09004598997087018
0 0.5455589814568439 0.326759009104693 0.028288626463433175 0.02894335391920828
0 0.5025629603796051 0.3208212461725693 0.09900110226293624 0.09973923871722885
0 0.4605027254067197 0.3414687152937569 0.07072156615858276 0.07235838479802066
0 0.4935798875817229 0.6564404974262106 0.08485678903121965 0.08526756175762476
0 0.4312838997801672 0.5554259152146146 0.10685905405833437 0.10777905925034226
0 0.4099992522394952 0.5219996497752084 0.08486587939029935 0.08683006175762475
0 0.517653191836449 0.6321451910788621 0.037718168617910844 0.03859113855894432
0 0.36053051736480574 0.477598780416594 0.09743860226293624 0.09969377461060631
0 0.3197782523376911 0.4545417136444042 0.11002041549465283 0.11411998746358769
0 0.32886742690753024 0.539948016230829 0.1272897287263694 0.12868259263643722
0 0.2882106106507516 0.5332971994586393 0.09428633118569749 0.09491534639736088
0 0.2642731409013726 0.4466777378592991 0.13200449980360823 0.13350648495630518
0 0.306946454231285 0.39714675079142286 0.10216246369925477 0.10608016693047428
0 0.3545981590517452 0.39775215604341463 0.10686814441741391 0.10934155925034235
0 0.3075277163315334 0.36279448284473415 0.053434072208706954 0.054670779625171126
0 0.7250424692583997 0.43118339931299 0.11943177693097126 0.12064277210332382
0 0.7365066892041703 0.38777438011266013 0.08329428903121965 0.08522209765100204
0 0.7464129543294808 0.3451011468057076 0.028288626463433175 0.02894335391920828
0 0.6855936289975159 0.36364054664742296 0.12415563836728971 0.1270291644231918
0 0.6134050116092691 0.30764294774277967 0.14772949375348396 0.151148626022532
0 0.5796339996072165 0.276196719450392 0.11473518657189175 0.11894387978345566
0 0.6311283219141194 0.2659782849689405 0.050290891490547905 0.05145485141192578
0 0.656682312937129 0.22766594272821475 0.11316359621281222 0.11733591567683303
0 0.7223027677575892 0.22879418520636735 0.12887949980360833 0.13341555674305985
0 0.7469578549934108 0.3044988788590189 0.1414431323171657 0.14471676959604132
0 0.6664072917616942 0.2880949773679508 0.13201359016268785 0.1350689849563052
0 0.3907220114128774 0.43082908049573626 0.06914997579950324 0.07075042069139795
0 0.2537719781371942 0.5213594891129404 0.0942954215447771 0.09647784639736087
0 0.3418673966569092 0.6262492290838104 0.05657725292686626 0.05788670783841656
0 0.365427616504484 0.6480249406831506 0.026717036104353477 0.027335389812585653
0 0.3977315772768725 0.6958319548689156 0.07229315651766247 0.0739663489046432
0 0.4786139386149951 0.7692671063599837 0.09430451190385672 0.09804034639736088
0 0.43087587538327865 0.7538179511079919 0.10059087334017516 0.10447220282385175
0 0.3186389749157404 0.6615047674844703 0.06914997579950324 0.07075042069139795
0 0.29027308040013056 0.6192801635652619 0.09272383118569749 0.09486988229073816
0 0.22759075233769105 0.45185933135366607 0.06129202400410509 0.06271060015828453
0 0.2813748033709633 0.5666863609788372 0.04242384933607006 0.041852530878812286
0 0.31112139070498085 0.5777064290046682 0.06442611436318471 0.06436402837152996
0 0.4721184989198455 0.726897749933493 0.040861349336070066 0.04180706677218957
0 0.4977861194313503 0.7081166576927672 0.04243293969514959 0.04341503087881247
0 0.30871907425181044 0.7018342507914228 0.09900110226293624 0.09973923871722903
0 0.22398045988862575 0.6368791890337981 0.09744769262201594 0.10125627461060631
0 0.2712145290722706 0.6999618622324785 0.08643746974937896 0.08843802586424747
0 0.23053901121648562 0.5558337775136002 0.08329428903121974 0.08522209765100222
0 0.19780377926866238 0.5681602812745238 0.09900110226293628 0.09973923871722885
0 0.20152822208707005 0.5370239415410805 0.02199317466803503 0.020948997492717503
0 0.16586343285945854 0.5828532670887588 0.08329428903121974 0.08522209765100222
0 0.32030653492600314 0.8138712495377816 0.09743860226293624 0.09969377461060631
0 0.408924128211949 0.8742524715619631 0.10215337334017516 0.10451766693047446
0 0.3882707397464633 0.8150676881758683 0.10372496369925477 0.10612563103709682
0 0.44423491431630246 0.9018379139609735 0.0911522408266178 0.09326191818411544
0 0.43686277585081684 0.8430395754811713 0.09429542154477702 0.09647784639736087
0 0.44910824579658754 0.7996532883341528 0.07072156615858276 0.07235838479802048
0 0.38107638416387735 0.9210903676427549 0.08172269867214013 0.08361413354437915
0 0.3868087545771862 0.9627794536485279 0.08015110831306042 0.07444109270294419
0 0.33244798662320535 0.8868684803374517 0.09429542154477702 0.09647784639736087
0 0.21973890836437415 0.8476575646606186 0.10215337334017516 0.10451766693047437
0 0.18402360128097767 0.7505408722616084 0.09115224082661784 0.09326191818411544
0 0.2723412127172961 0.7593595942857899 0.0911522408266178 0.09326191818411544
0 0.36610030307637575 0.7636499406831507 0.0911522408266178 0.09326191818411544
0 0.39781793568812895 0.7106757048689156 0.0628636143631847 0.06431856426490726
0 0.1891151013791735 0.6858562466347877 0.07386474687674208 0.07557431301126591
0 0.14006452302214645 0.7133303772761732 0.09115224082661784 0.09326191818411544
0 0.12567477009528022 0.6566712003165691 0.037718168617910844 0.03859113855894449
0 0.149212264045156 0.6745406619159093 0.07386474687674208 0.07557431301126591
0 0.2939167517485159 0.842785859725196 0.051862481849627426 0.05306281551854859
0 0.1755202339909267 0.631563551728495 0.039289758976990455 0.04019910266556703
0 0.15922709259857482 0.5162651606622681 0.05814884328594587 0.0594946719450391
0 0.15548901424154773 0.5450577503957115 0.02986021682251274 0.030551318025830908
0 0.11692141793053978 0.4947251297834557 0.08800906010845858 0.09004598997087002
0 0.18642994203284075 0.49284203252816505 0.0707215661585828 0.07235838479802066
0 0.4274447857115701 0.29832646905468063 0.07386474687674198 0.075574313011266
0 0.39368740924813694 0.269223990762293 0.07071247579950315 0.07079588479802065
0 0.3953180869412341 0.2809882048689156 0.04714771077238851 0.048238923198680436
0 0.42221238504764014 0.3387923446815012 0.06757838544042354 0.06914245658477522
0 0.3822186441228264 0.3118517599626228 0.07543633723582169 0.07718227711788864
0 0.3547158128389331 0.28371238809672594 0.08329428903121974 0.08522209765100204
0 0.3480572675611974 0.3475702996169239 0.05972043364502548 0.061102636051661906
0 0.323611258584207 0.3078031059642723 0.08800906010845858 0.09004598997087018
0 0.3064919362773041 0.3190217507914228 0.0785704275949013 0.07883570533113407
0 0.2776902254067197 0.3361494148189032 0.06914088544042354 0.06918792069139794
0 0.2709089602814092 0.37891357633910117 0.06443520472226431 0.06592652837152997
0 0.2828640596174793 0.4198795571387713 0.040861349336070066 0.04180706677218975
0 0.24332886094533915 0.33749295447320427 0.06757838544042354 0.06914245658477522
0 0.2473351048952149 0.35479411473976097 0.05029089149054773 0.05145485141192578
0 0.17775840309981686 0.34495846199505165 0.09742951190385671 0.0981312746106063
0 0.17960270423128502 0.3934414261016743 0.08957156010845857 0.09009145407749282
0 0.1947146198241337 0.4399670851145897 0.037718168617910844 0.03859113855894449
0 0.16020780961747927 0.41631062476889086 0.051862481849627384 0.053062815518548544
0 0.2175657916634984 0.33986779671392997 0.03457498789975162 0.035375210345698974
0 0.21797031264254135 0.40939904671392996 0.05972043364502548 0.061102636051661864
0 0.24912486387220537 0.3939020788463836 0.051853391490547726 0.0515003155185485
0 0.2208498729473917 0.3673024749271754 0.05343407220870704 0.054670779625171126
0 0.1552975958200286 0.37789298244902275 0.05972043364502548 0.061102636051661906
0 0.11300101151107322 0.3579154515702103 0.08015110831306052 0.08200616943775678
0 0.13634306274073724 0.34219116316955056 0.03299430718159235 0.03220474623907634
0 0.12730895120622293 0.4005121285298145 0.05500566256778664 0.05627874373179385
0 0.17064131556940762 0.46426239146193826 0.08642837939029935 0.08687552586424747
0 0.10101007161953182 0.44505173871722886 0.07543633723582163 0.07718227711788864
0 0.07958452351312577 0.3874067232778227 0.09115224082661784 0.09326191818411544
0 0.08716976453613533 0.34857154381093614 0.036146578258831205 0.03698317445232169