0 0.53935397568183 0.24103186199049 0.14056591422935405 0.13849128473307495
0 0.4614527790009328 0.2021645006658686 0.14278719939202134 0.14338911745121513
0 0.4646453663324997 0.27019333153842934 0.1412500340124641 0.13245161745121514
0 0.6321453833387316 0.3065518942881301 0.19632605488002391 0.16439259714984136
0 0.8069342898454301 0.47407028606481205 0.16891050928357637 0.14383977365959844
0 0.8598734884569911 0.4995812218024662 0.12677367852446153 0.11670645570609359
0 0.8062079598667757 0.5481988650917934 0.11739867852446154 0.11544445939725242
0 0.7630196148125533 0.5524205148406487 0.13006760433779901 0.1401439557060936
0 0.7038937527520988 0.49988132818020486 0.1610473400426912 0.16424244463261709
0 0.6489570722969733 0.42050922792906 0.15643584390401913 0.13142994463261704
0 0.792880206375191 0.37407028606481213 0.1921030796089113 0.15615943171356098
0 0.6868033404534086 0.3612845791029945 0.13346286863290652 0.12067278657865436
0 0.7637501530560881 0.4273454385820365 0.15819260433779903 0.14392994463261705
0 0.5486698899111838 0.3639585255811909 0.15838686477157893 0.1562196119144768
0 0.4689612635556216 0.3348868296928499 0.09957772798223666 0.09771613221585058
0 0.5649452585440905 0.4684356928630507 0.14212841422935404 0.1387016174512151
0 0.4437585865920809 0.42743481492821445 0.21233957574758353 0.1910752588949629
0 0.4633700912338691 0.48768123590123313 0.1503547697173563 0.15360544832377593
0 0.6280829598667758 0.5721767949597749 0.16685814993424622 0.16195877550517784
0 0.5589655653547781 0.5958094336351536 0.11830239336179424 0.11096729211539262
0 0.43443429834854613 0.5536667211365977 0.13365712906668642 0.13296245386051417
0 0.4822468493672421 0.7239492303644948 0.14991557960891128 0.1504804483237759
0 0.46860662138500536 0.6382220630826351 0.1909037658560285 0.19125560084100018
0 0.3810432848338989 0.6778702770938361 0.16087841422935387 0.14122561006889747
0 0.5529394111894611 0.694532342611906 0.1717399103680261 0.17487944094145824
0 0.6404774131201248 0.666031961318845 0.17222976971735626 0.15655010637773864
0 0.6410095251805794 0.726458624909546 0.10939191809068163 0.10210312852469165
0 0.5709630812108066 0.766136929021205 0.16038855488002374 0.15955494463261707
0 0.5011108976748139 0.8185255658510041 0.1683953153138038 0.17289627550517786
0 0.4285095251805794 0.7550638745766117 0.11561658347023922 0.11367162667911242
0 0.42451460400903035 0.7946071208854529 0.08512670711467703 0.07124380318886932
0 0.3807391843574277 0.5171131190398734 0.09935813292801435 0.09615363221585049
0 0.40105593513788823 0.6106978718082425 0.1280912488497965 0.12608145570609358
0 0.37023666620099227 0.5726569452984857 0.07997468238578946 0.07821497231630836
0 0.35886001860812733 0.7182698496612894 0.1236740131449042 0.1055586229879534
0 0.7140247106472362 0.6569275735662562 0.06171454173511961 0.0573616451349066
0 0.6964866917103404 0.6170988189523076 0.10758448841601656 0.11105746308841127
0 0.6325339467218715 0.47923813506023283 0.157069294446244 0.1468446119144769
0 0.5503295626436537 0.5173689345579433 0.1354645587413515 0.12400811929679456
0 0.5161952840534385 0.563357418870518 0.08109799227734449 0.07530030503444855
0 0.761659834291674 0.6107137611494898 0.06215373184356458 0.060486645134906605
0 0.33906258503116005 0.2488889508352239 0.15599665379557406 0.12830494463261705
0 0.3622256124711719 0.31741362273103235 0.18826862520535864 0.1725056008410002
0 0.3007053736854123 0.43475117591990153 0.16946795596447348 0.19143594278703766
0 0.24798577012807374 0.4108027401822474 0.057685826897787076 0.06141814698048616
0 0.2774452160285104 0.3598713376650231 0.1996706499342463 0.16637576258612174
0 0.24059975041071743 0.273287744796196 0.164687534012464 0.13560660822331788
0 0.2400212198898382 0.33147582474596704 0.14437503401246402 0.13287228288749553