0 0.7158571743733871 0.4396684276505357 0.17900570357377177 0.1940763947413025
0 0.7830234752482396 0.6017255008581831 0.23059737847863176 0.2386883913933179
0 0.6223433018262545 0.6160677302798845 0.1954238824329643 0.25344969067468187
0 0.5644246669590134 0.4581761876944899 0.20113537155854946 0.20275429952655916
0 0.4403332509514021 0.4412641569496394 0.14533635771838505 0.131232959333793
0 0.5041835508376714 0.6076618866165359 0.13962486859279988 0.18192835048191558
0 0.4220223082520452 0.5632275719014478 0.16717686562705042 0.1709874423486742
0 0.42579195399370134 0.6633134307533253 0.12534219269935692 0.13679097631891182
0 0.48829727118017613 0.7471596451090953 0.14680069863085593 0.16717045933379282
0 0.6461071125869388 0.7262205721466429 0.10098417984777566 0.07342557153365518
0 0.31030887543852004 0.6277372588603521 0.16200920456235499 0.19685625526717238
0 0.3402576550960153 0.489800296301172 0.20429486364988403 0.16577456483768566
0 0.2244814633852415 0.5962373506045132 0.182738198630856 0.171159160052429
0 0.24991786209264716 0.6846019033564594 0.0952090237259962 0.12255846268177777
0 0.29009985171252384 0.7385030411565974 0.08717634783255317 0.0781147756002758
0 0.7499059332334547 0.7981695025321754 0.10206651878308044 0.099988071533655
0 0.7441599520165351 0.7080664719099227 0.11389535672980174 0.1230770239262835
0 0.8000571249442284 0.6844487338730643 0.06278384288963715 0.05207594904464372
0 0.5855224396592453 0.7493180448723749 0.13225803756616053 0.19199874163003833
0 0.6804555962753164 0.8077264446356545 0.07448534684397004 0.07203990143727204
0 0.37254227859454997 0.6989967623309344 0.08000051779449713 0.09287266674839838
0 0.04423288927868446 0.53228371435577 0.08274351581733079 0.08384451028914945
0 0.35662150684572014 0.8008210990531184 0.0612850098858317 0.05346502727426809
0 0.34178041543895754 0.8376282640049268 0.03590300790866543 0.04131527894826057
0 0.2789620804579856 0.8385038931899078 0.05449118182494202 0.07759791842239076
0 0.23623341099033324 0.8471027553897699 0.05691584486680377 0.06075726196314157
0 0.3158227519028043 0.8198363439085437 0.05066584486680377 0.060063574881639784
0 0.23217992235903973 0.7925028183082679 0.06255834980971961 0.08471502727426809
0 0.21822485171252382 0.7305256397193254 0.053536176882026165 0.05416041842239068
0 0.17898859676960796 0.7497143063451263 0.06555601581733077 0.08193687081501917
0 0.1855768363894846 0.7998868760821913 0.06185801285158128 0.0675275272742681
0 0.059408267225843456 0.7183920800262145 0.11373884783255324 0.08106294569665877
0 0.03206717581908087 0.7538118708150191 0.047349843878220534 0.055029231340888884
0 0.07838641889899864 0.7919137348114711 0.08312551779449713 0.09321951028914946
0 0.11419392631337244 0.7605727637597317 0.0834783448668037 0.06370543205952472
0 0.10346999053409775 0.850417365793042 0.06992518083635883 0.07464463612614551
0 0.05482424349984727 0.8308920800262145 0.05548067885919248 0.0637088401927663
0 0.15089011308123035 0.6689021209376167 0.06686384783255325 0.07586029258539462
0 0.049021206959450864 0.6073695732076475 0.07761034684397004 0.07238674497802293
0 0.02803086361270297 0.5456550833741992 0.05606172722540594 0.08506016674839838
0 0.006506032091772124 0.5049459285889425 0.013012064183544248 0.038016857177884944
0 0.05465839471589192 0.5075429949780229 0.07592051285158126 0.06908832320764749
0 0.1183150350203406 0.6401735528745439 0.07285917984777565 0.07030397966689642
0 0.06340470053366024 0.6395725409114023 0.05965884288963734 0.05172910550389265
0 0.01632339522877403 0.6303777789482605 0.03264679045754806 0.06127923134088888
0 0.06734544262499484 0.6776795171077163 0.07630251482874761 0.07846332320764748
0 0.027573265780149746 0.6838479184223908 0.05514653156029949 0.08159002727426809
0 0.03436716346179118 0.8129258861261455 0.03918451680591397 0.08367620071863584
0 0.054077485591181876 0.8684787909114021 0.054427514828747615 0.07603541842239067
0 0.13790599893705474 0.814215472970927 0.06973417984777566 0.06995713612614551
0 0.09896946882244895 0.5564089372040995 0.053217841901054184 0.04634791842239068
0 0.0681359628909499 0.5812389235669654 0.07572951186299808 0.06440082320764731
0 0.11888537939285274 0.5876563811041684 0.05978617688202616 0.05485410550389265