0 0.67521013406143 0.05897188054402053 0.16559461191447689 0.11794376108804105
0 0.567292567030715 0.026708900239996374 0.12521013406142992 0.05341780047999275
0 0.4401129716504399 0.4735622424604281 0.18737944094145825 0.15973756299888783
0 0.5185095771814019 0.0013826765483556213 0.058894154362803874 0.0027653530967112427
0 0.427628761663332 0.15855189248866294 0.13242162667911223 0.10847889988706054
0 0.664527456295949 0.28648165848544 0.2053480916131031 0.20109060509226265
0 0.6895869411983793 0.5369821874246352 0.18242142802240197 0.1920040314288567
0 0.6731665897675236 0.1576363216678545 0.14182661745121514 0.1322804209337479
0 0.5293416128372666 0.10696002943330536 0.15027011560563572 0.13742294724210719
0 0.4868237177023599 0.07097411070687035 0.2142724354047198 0.1419482214137407
0 0.4538007856558647 0.09561227673188226 0.07644213959816834 0.0726632262518895
0 0.5736921235778089 0.2901974636624073 0.19699476443170116 0.18510158404557525
0 0.393058126346178 0.2936318187546699 0.10261396493399078 0.09434080517696727
0 0.5664349495034867 0.5228958425733675 0.15766195016935533 0.1347529735504665
0 0.8091631773565335 0.5654495506917543 0.1852159335591403 0.17821454721387225
0 0.6073612478214863 0.18351555318141585 0.1634311045321592 0.16609397881213828
0 0.5011111484931312 0.230647429390953 0.12418846124283185 0.10489887357870128
0 0.4932687570493835 0.16653942676011713 0.17403811006889747 0.1527595209055131
0 0.3528233043685801 0.4802210371140516 0.10991562852469165 0.10251732622365459
0 0.4842089581415284 0.2922597635777026 0.13512596124283185 0.1055359104104042
0 0.7471146281917573 0.26828612435516014 0.16989143725029923 0.16802049985882564
0 0.7390921927870375 0.10340457700011349 0.1943806008410002 0.17719807878390337
0 0.6019829667795702 0.06963214760916045 0.19146593355914038 0.1392642952183209
0 0.7704922459759068 0.17873850596754354 0.13461512483353283 0.11325740514873237
0 0.6790554092336734 0.4061039137471118 0.21153811006889747 0.15494364718563744
0 0.3998036693843604 0.39638509243219316 0.0896932994977103 0.09048776308359248
0 0.5944248917006689 0.4559134689240791 0.19164627550517785 0.1568855787839034
0 0.49196117861225747 0.3673962714702104 0.1258411322158505 0.09414338410204497
0 0.6743222277770335 0.6575522926580721 0.15588911745121514 0.13309946828879457
0 0.44233636124860826 0.5427217661379513 0.17860544832377592 0.14062354195220053
0 0.6767257606645292 0.7865418426439547 0.11899012483353281 0.112347352532014
0 0.590983697324973 0.740356358358383 0.13692878473307496 0.13044490514873247
0 0.7870631472374072 0.4305208138459339 0.16914027735075726 0.15092400512049758
0 0.7591486786122574 0.3518343717243242 0.1432689557060936 0.1199624314570916
0 0.8187940922029584 0.35623417441162986 0.09353946862514953 0.08451077886860796
0 0.4858908252598093 0.6323079109045144 0.12460912667911224 0.10802387357870132
0 0.44577646301239826 0.7086575792780136 0.1253302958065515 0.10186487884037305
0 0.7881593003444869 0.6784801717102068 0.20207293909587865 0.16524411035393455
0 0.08198487324487454 0.533002215799133 0.029777472316308496 0.07149556840173403
0 0.33569499128594504 0.8560092633659412 0.07800463959816835 0.0727542315135615
0 0.0753894827239165 0.4664594579066252 0.03635796677957019 0.0858310841867496
0 0.2469031035333562 0.7871675290803696 0.07445897416188796 0.06944722099021768
0 0.10782630344579039 0.49685261319653196 0.0961836229879534 0.11566977360693613
0 0.1624987087313839 0.5228011921921969 0.09906829949771039 0.09103379465362345
0 0.22435261586255678 0.5436072448795025 0.09633397416188796 0.07072129465362345
0 0.34709854019380004 0.7301524186558478 0.07581114144374776 0.06797572625188941
0 0.28946638213983744 0.7114626028143626 0.07674264328932719 0.06337923151356133
0 0.3153078123407532 0.6753130002117615 0.11427263406143 0.08881884727034209
0 0.3610857652784777 0.7931151502399963 0.09741562852469174 0.10178928413027996
0 0.31282860722451505 0.7738793028284799 0.08771013406143009 0.08727175782192056
0 0.2671256312170477 0.7151259291086044 0.09362963959816835 0.07366428413027978
0 0.26482706603191214 0.6688046659544248 0.08581713959816835 0.07320925782192056
0 0.2723091708970055 0.6132526159685422 0.10042046677957028 0.08956229991529537
0 0.2540999980784074 0.6300606843702763 0.043900152517224275 0.03821263154179633
0 0.35247761586255677 0.5361448134224108 0.07403830872560757 0.06632222099021767
0 0.348886765611412 0.579659594992442 0.07716330872560757 0.06650423151356151
0 0.32316549715561765 0.6284002028567148 0.08425463959816834 0.07311825256024881
0 0.37701146762634674 0.700852055529903 0.07217530503444865 0.07551521046687384
0 0.4154577662012674 0.7875862160814817 0.09750579949771035 0.0909427893919517
0 0.4418699150273329 0.8317156476797475 0.10510796677957028 0.08983531570031085
0 0.392245494977104 0.8432670686840827 0.07809481057118699 0.061907736775233244
0 0.8188242816317715 0.29796664810327067 0.10501779580655146 0.10068181043863911
0 0.6949513194661499 0.2083342716819719 0.08758997231630836 0.07486276308359248
0 0.7677120405267344 0.4914884059251913 0.09666446862514952 0.08469278939195171
0 0.7328709916188794 0.6187103295603622 0.10114163590700934 0.08340330517696729
0 0.5050769827239165 0.44143301094686666 0.13608745386051418 0.12419490514873241
0 0.4476401620020426 0.4124959398437095 0.06923064698048602 0.05364021046687388
0 0.4390917954736172 0.28465166090451444 0.08311280503444873 0.0761522472985769
0 0.4534389098235289 0.6310485187687873 0.11096729211539262 0.11032982622365459
0 0.6674410309659029 0.7351158505364624 0.11586512483353281 0.11216534200867016
0 0.7658785309659029 0.7293825190511359 0.11084713037027108 0.09792083148532633
0 0.7223988452282487 0.7807321874246351 0.10105146493399068 0.09424979991529554
0 0.7024468304636133 0.8196882716113848 0.04921865067164486 0.043173147326811635
0 0.4781531035333562 0.7736987503529358 0.07977747231630854 0.07440773677523324
0 0.3927268372560756 0.6070264608198098 0.07653231057118699 0.06181673151356133
0 0.3974893141863327 0.6658022213431536 0.06132797600746738 0.06403167889684287
0 0.883727913847622 0.38237246920642776 0.03722948708094407 0.03472361049510884
0 0.9535293787816128 0.4680677745245694 0.04453115067164504 0.042900131541796324
0 0.8882498686309258 0.4978532560381307 0.04432081795350484 0.04133763154179615
0 0.9948233620429374 0.6698354008752808 0.010353275914125248 0.048224668373499216
0 0.9853883804987318 0.5776934035061168 0.029223239002536518 0.0519867052052021
0 0.9312634061323699 0.6126669139588733 0.05255398338978523 0.044917657850155376
0 0.9664345521900664 0.6633725692487801 0.05390615067164504 0.04344616311182729
0 0.9831645439229655 0.8061593087254364 0.03367091215406894 0.04602513154179633
0 0.9752469272280729 0.76337256924878 0.04950614554385417 0.04528167889684287
0 0.993538673998309 0.7799307376928664 0.01292265200338214 0.047223610495108835
0 0.9636550420393796 0.6895178402954675 0.05390615067164504 0.04344616311182729
0 0.9631143141863326 0.6328583166179442 0.0661056469804862 0.05345819994353036