0 0.45563709733906405 0.13459672228939076 0.19877419467812807 0.21103257909743345
0 0.3706968373462197 0.15935786410422226 0.2038638644349237 0.21454021637033702
0 0.2930976390558057 0.16307305334367822 0.12253787515022516 0.13523561151914842
0 0.3148937224892892 0.24834087364711993 0.16200254490702087 0.14154925546001176
0 0.474909971766832 0.30237415365293896 0.21299160052934313 0.20137053667377874
0 0.5246805402718273 0.16651614411004126 0.03406518829756973 0.024425915152690703
0 0.49425796929901 0.17640145607853328 0.07366839513591365 0.06785692182065048
0 0.5425323790629615 0.21512898729230026 0.16396721466381656 0.14480180121764635
0 0.6252212471101712 0.2149214353257479 0.07482872537911796 0.06485946757828502
0 0.5993610805436547 0.2962991100213363 0.2563394307725474 0.20181681788754577
0 0.6725513166380741 0.288358806387794 0.12914386587983806 0.12649834030732113
0 0.6843229664091812 0.3558013979030631 0.045095046351935154 0.0500636439408634
0 0.7255892156867241 0.40014120032865746 0.05250537659513945 0.04757637272903605
0 0.49648188080832617 0.379893246835198 0.09201622537911795 0.06626247091226486
0 0.355462895436364 0.3413254701633589 0.21384211907011733 0.21999299091614422
0 0.19603499566525678 0.2618298045516262 0.18785306344779493 0.16221244182452982
0 0.20520744714594996 0.339109781672809 0.25250244931332155 0.2200566348570076
0 0.1211028005651219 0.3523434921240923 0.04866839513591366 0.06581618969849785
0 0.3297181764378042 0.45363428046486093 0.15363296929901002 0.1485964809142047
0 0.21659183228901938 0.43357725879399167 0.20678777955652583 0.21323280788560606
0 0.14849126595139564 0.4450251997004376 0.05955971610873094 0.05433655575957417
0 0.17520720816170174 0.5144607259132348 0.19026608198856904 0.18096244182452992
0 0.2578484335408197 0.5799579222796925 0.17550796929901002 0.15038212152108804
0 0.4594600398498204 0.4526293741061619 0.17021721466381656 0.14531198424818453
0 0.3642860769313686 0.48196644561755164 0.12083683806867693 0.09799070303441759
0 0.31448569816885746 0.5575246839486221 0.22272259125895602 0.19288835697722034
0 0.5718907713090463 0.44325398729230026 0.20805683662376245 0.18705294515850976
0 0.6573881069099015 0.4108078912351033 0.18618183662376248 0.1852673045516262
0 0.7720144032618366 0.4665473213907035 0.25183664688127827 0.25092399758410405
0 0.6965184118097665 0.5106324191148903 0.13070636587983805 0.12662588606495576
0 0.595117538404906 0.5456455347169248 0.24489103419171948 0.22098140606883482
0 0.4755781040200726 0.5598519427426136 0.2585975434621064 0.23137677212991115
0 0.46048562647358293 0.6227825063780956 0.15108141367668781 0.0927291181871082
0 0.7084680569456802 0.5734512835089767 0.0706983009871287 0.056791876063016035
0 0.9402698754506755 0.4524523547305025 0.0589102824463545 0.037276601517208616
0 0.9523326383333487 0.4823789707915787 0.09533472333330266 0.09658769970043757
0 0.9096991193705677 0.5272611650320045 0.12470362978541871 0.1400506572767828
0 0.9822674022389292 0.518746776551153 0.03546519552214171 0.10389001666989942
0 0.9632768590772731 0.5889478351856651 0.07344628184545385 0.08969997091226496
0 0.9834657271244828 0.5942729350358839 0.0330685457510345 0.12158769970043756
0 0.9118864998784435 0.6163396404861973 0.1308612717310531 0.1158159318225902
0 0.9025509581617017 0.5738332760921109 0.062483631230333 0.053029147274843424
0 0.9719860566452297 0.6835587045807212 0.05602788670954055 0.1523911606107628
0 0.8856934320959053 0.7131509965453339 0.15535037515022515 0.13791407242947357
0 0.9661646762875791 0.7156060589728679 0.06767064742484194 0.07305460485118864
0 0.9748664212911571 0.7566455182162033 0.05026715741768584 0.08890274545807202
0 0.9920375525214901 0.855114840186635 0.01592489495701983 0.08852010818516831
0 0.9693921154578312 0.9387406700329743 0.061215769084337526 0.09464256242753386
0 0.9221374377540064 0.9292398004687403 0.1297932995422144 0.14152039906251943
0 0.971666596917057 0.9183324462457716 0.05666680616588593 0.12729556576151388
0 0.9339241570243477 0.7933165997295326 0.13215168595130464 0.1493298045516262
0 0.864102227002926 0.8397136254832877 0.09306782879829001 0.08644742515463041
0 0.9342522342274983 0.8503320032132937 0.13149553154500354 0.12101361485312837
0 0.8654025579685876 0.7957563313926432 0.11614933806867711 0.09760806576151389
0 0.8464678418598567 0.7447359653315668 0.0801194800143115 0.06992960485118864
0 0.7491064984335291 0.6849945613887638 0.09447542294707478 0.09738492515463033
0 0.715428574763997 0.6335437606301595 0.09780150782547263 0.0992025166698994
0 0.7519000608584164 0.6226061316922056 0.06369014050072011 0.062404147274843245
0 0.7721269235479754 0.6536328621473683 0.10072542294707496 0.09789510818516849
0 0.7963143996495506 0.6733872527542517 0.10016834733906403 0.10558006242753404
0 0.673000531602341 0.6702786150223062 0.11126075319027909 0.09566292848861017
0 0.7561050108941952 0.781423151237043 0.10621726246066636 0.10452774545807202
0 0.7169352477110719 0.723339713205535 0.10309226246066619 0.10427265394280312
0 0.7917028889342491 0.745676840935541 0.11019278100144021 0.12340529121570665
0 0.6579542330830341 0.7455816329001536 0.12239933806867694 0.09811824879205204
0 0.7030492794349693 0.7956452768410169 0.0805216497711072 0.07305460485118864
0 0.8220927223677326 0.8316461629059727 0.1066194322174618 0.1076527454580721
0 0.7552530287125121 0.840877899570053 0.10420641367668786 0.08890274545807211
0 0.7852003679256532 0.5990409569966172 0.057192876595139455 0.047959010001939716
0 0.7547085284120618 0.590367587601561 0.0440896219599459 0.0422511439408634
0 0.5219623696710178 0.7460763562283145 0.04292929171674178 0.04524859818322895
0 0.5076838796638621 0.71321605880369 0.036834197567956826 0.03392846091032524
0 0.5593387377182276 0.7421699772903606 0.036633112689558975 0.032365960910325245
0 0.6002884545494157 0.7540161441100413 0.03879886732475253 0.03718100666795969
0 0.545996403562287 0.6985634985021879 0.035828773175967756 0.026115960910325243
0 0.5642980547783085 0.684596593351437 0.04524995220315038 0.03925368969849785
0 0.5284841867310989 0.6886305180470252 0.038195612689558976 0.03249350666795969
0 0.5013415216094967 0.6879609672884209 0.04524995220315038 0.03925368969849785
0 0.4826295162518459 0.7227665309239029 0.035271697567956825 0.03380091515269079
0 0.4895914977110719 0.7047818054697101 0.026051603419172054 0.022225686364518004
0 0.4848116396567064 0.6796542597120755 0.03779344293276328 0.029368506667959694
0 0.537115931373448 0.7256681324411116 0.0448939614735373 0.0485011439408634
0 0.5569026296638622 0.7172337501691779 0.03330702781116113 0.030548369395056164
0 0.5102450833119269 0.6670425604706799 0.03915485805436543 0.02793355242559432
0 0.49449645135913656 0.6587996257731519 0.027815188297569904 0.023915732122152634
0 0.4720181967239431 0.6523264851662683 0.03370919756795683 0.03367336939505616
0 0.520030437453556 0.6469691765317562 0.04248094293276346 0.029751143940863402
0 0.4516975123391097 0.6746320488017503 0.0554292917167416 0.046268964244305086
0 0.4469951072103517 0.6440995259229331 0.05638853708154823 0.04170901000193972