0 0.3270237360353659 0.5198683338088902 0.18305558057737184 0.19931660622842173
0 0.457420564165667 0.4897287026853592 0.18865081614940155 0.18104020290907386
0 0.4091591681566838 0.399104625300739 0.18815974282842393 0.16697770290907385
0 0.262472651914615 0.4717752985408187 0.15803573320977699 0.15222811867597646
0 0.5151834788637897 0.3528906308998164 0.15554565027015244 0.12554721950581324
0 0.6143129488267228 0.30330318276462737 0.08554068511654282 0.08440015601864026
0 0.5923808959241652 0.37353317239166517 0.17791172359113006 0.14126730788809566
0 0.559139320789089 0.43293240579492565 0.12402283175849824 0.11536673610255281
0 0.6387077697006298 0.45261609853152995 0.14348215988879928 0.13710002614450917
0 0.687646266705405 0.4122861738415577 0.171716287293461 0.14235621120744354
0 0.49024049864923763 0.5316551709417727 0.16955358656782166 0.1250503120372805
0 0.6758332582678845 0.5051248692774544 0.12569445916315977 0.11861013527271584
0 0.5745882167980723 0.5260428657529694 0.14128474282842376 0.16342572780418313
0 0.3881422853097265 0.5323790665874508 0.07109623920022683 0.07239706348717298
0 0.3761581512816428 0.5854924111935104 0.11152283175849824 0.11441954274124874
0 0.46726430091882315 0.5871598097389735 0.12763890507947587 0.12966603444287889
0 0.29652521498397366 0.5899682688718246 0.11675596878180672 0.13039974025173767
0 0.2718054679791986 0.62846300642427 0.14337303248413757 0.13397502614450918
0 0.09080598304014101 0.5011462576736698 0.12391370435383649 0.11224173610255281
0 0.13335807078908896 0.4651961796643497 0.09658731252120449 0.08835395020978147
0 0.31644587850097006 0.3765210755105205 0.08666667549789597 0.07201855518880329
0 0.2117385311333752 0.42964792074128005 0.0884474303072194 0.07838695435896632
0 0.19750985082615585 0.5024109145175026 0.09891370435383653 0.1103473493799445
0 0.16807777805333232 0.7204747528997851 0.17987601687504098 0.19751730788809568
0 0.0985267469199571 0.6606513122377733 0.1970534938399142 0.2010925937808672
0 0.3196774835882952 0.6856117329790532 0.23560022721932725 0.2313487788438014
0 0.5985217354023937 0.6216271302751164 0.13934029691210786 0.1523698286340201
0 0.5149899835882952 0.6708118367086752 0.12435021397248339 0.12474173610255282
0 0.5098511050025071 0.5948413325594903 0.11464783175849824 0.11465634108157463
0 0.4318525905745368 0.6194520914825601 0.0630654843909035 0.06555506763635784
0 0.4454314517371297 0.6768618497809298 0.1244593413771451 0.1278667361025528
0 0.4667781728811892 0.7126450618135659 0.04516865626060227 0.04394017676456467
0 0.5262895821370164 0.704239643347371 0.0754563569862416 0.06337726099766208
0 0.5328024769648733 0.7185505970816374 0.07383929328391084 0.06169636182749905
0 0.5221452299600982 0.7559797421026155 0.06295635698624161 0.06243006763635783
0 0.617338678871639 0.7744794431375895 0.13961311542376223 0.16018232863402027
0 0.7015152714299104 0.7291417871189493 0.12634922359113004 0.13736013527271584
0 0.6669170713372432 0.6265738167879433 0.09718751324684387 0.10554145020978148
0 0.7161159739696483 0.668038343757645 0.1546379146981227 0.14417882033565022
0 0.6638491242398008 0.558238213883514 0.15280259618646852 0.13624792116548717
0 0.6831249138955146 0.5863865246713947 0.11010417549789579 0.07379454274124875
0 0.7508555617185964 0.63268026159914 0.0965327488188736 0.08679145020978148
0 0.7791244054579941 0.6710556773660427 0.09308036660488846 0.07717965186945541
0 0.7050271626295702 0.8293902408532157 0.12338791469812271 0.14181083693238997
0 0.6302454174388936 0.8288234010210409 0.12295140507947586 0.1293108369323897
0 0.6367756704341184 0.8649501551702258 0.08548612141421189 0.08283765601864027
0 0.7785291500156983 0.7996659294406351 0.13739585099579193 0.14131392946385687
0 0.7530232077275796 0.7267971145035694 0.09115576805616729 0.11131785352912935
0 0.7877528717927301 0.714036082759983 0.07271330290255769 0.07407796265733602
0 0.5703198351322413 0.7375248174126433 0.09562501324684387 0.10542305103961844
0 0.7263838405745368 0.5971338479068301 0.10601687622353531 0.09062684523075966
0 0.7541938712445759 0.5147707111842216 0.12769346878180662 0.13122853444287888
0 0.7291690785936373 0.45043644666207455 0.08052580290255769 0.07466995850815117
0 0.7759994385751038 0.42584992114226533 0.07734623920022674 0.0728706601678251
0 0.7822568730586745 0.46978917529145026 0.09933036660488845 0.07765324855010754
0 0.7951090810407081 0.2802530786107981 0.16510418874473984 0.1761392153566284
0 0.7573412409295073 0.15688735620519978 0.173244070958725 0.18610621120744356
0 0.7158233743246188 0.23015983545927537 0.10941469473518968 0.09867614357108563
0 0.6720088869384906 0.2576345626387585 0.1362698606144388 0.15369553029369404
0 0.7150818190598084 0.13983083338468294 0.11432044954451293 0.10528134108157472
0 0.9000297048171726 0.3548960358695495 0.17495041469812272 0.14571800954776962
0 0.8604315245947713 0.1054414101446032 0.11562997840045383 0.14278134108157473
0 0.8548660600741338 0.034219620114257894 0.06108632213985139 0.06843924022851579
0 0.9031596832176263 0.2206394350397125 0.11201390507947587 0.12848204274124858
0 0.9390674121662339 0.28570740537071837 0.08625001324684405 0.10471265601864026
0 0.9671080774125109 0.3529298715525394 0.039375013246844046 0.10116068091374952
0 0.9734101519146151 0.41790367611664275 0.02120536660488881 0.07173329004195632
0 0.9435143207890888 0.40380620993482175 0.08394346878180699 0.1279133576783142
0 0.9090748334029607 0.43057054209332685 0.07169643992586608 0.08958456348717303
0 0.8067707781381503 0.3479374860793309 0.11938989546082901 0.1165740385920638
0 0.8772023292266095 0.31688747300707637 0.12207838584218215 0.10431083693238978
0 0.840870503543379 0.17471255101639646 0.1658135168750409 0.19645171535662845
0 0.7080703833102935 0.34061208338468296 0.16025299763774736 0.1710965178461393
0 0.004853647190109575 0.38432745580885885 0.00970729438021915 0.07509508838228234
0 0.05493547618505096 0.6580124869277454 0.10987095237010192 0.15611013527271583
0 0.04177823911540879 0.5758395269697016 0.08355647823081758 0.13582094606059664