0 0.30859375 0.390391463138126 0.1109375 0.10112648801421242
0 0.290625 0.45819976085413383 0.1015625 0.0959476650834338
0 0.18828125 0.47627365219313517 0.096875 0.08163950361804453
0 0.20703125 0.5022562980546921 0.0859375 0.08106629353213642
0 0.25703125 0.5306579370188442 0.0640625 0.07054487336031982
0 0.5546875 0.5204761900710618 0.0984375 0.09422139077317446
0 0.43046875 0.5553724112382467 0.1109375 0.10268898801421251
0 0.33125 0.6103288268875074 0.10625 0.09463082654882307
0 0.2796875 0.6013765507682256 0.103125 0.08665455223856355
0 0.18203125 0.6032898535726161 0.0484375 0.050976001809022266
0 0.16171875 0.6678503205559293 0.1046875 0.08829893939369331
0 0.63515625 0.6035996285602441 0.14375 0.12472111827193721
0 0.41484375 0.6100222896869492 0.0875 0.08583568068726617
0 0.334375 0.6620551011977669 0.1546875 0.12841932835784534
0 0.24765625 0.6661041140880657 0.1171875 0.10926653663473136
0 0.153125 0.7345874412027157 0.1234375 0.11271908525525039
0 0.1125 0.7301146251693421 0.10625 0.09150582654882307
0 0.4421875 0.6645803149017198 0.115625 0.0982471494796016
0 0.53515625 0.67570260063194 0.1703125 0.1464256999091429
0 0.690625 0.6776003725673503 0.103125 0.08977955223856356
0 0.740625 0.7286582615315024 0.1203125 0.10318031094499087
0 0.73828125 0.6894729307988078 0.0765625 0.06494997060135788
0 0.63359375 0.6863302414051143 0.075 0.07268058344622812
0 0.4609375 0.6882192107632769 0.0921875 0.07826884215265544
0 0.38125 0.7324804658516595 0.1484375 0.11871677973732649
0 0.2421875 0.7673800090451115 0.1296875 0.11304663387576959
0 0.1078125 0.770493963703953 0.071875 0.0678293091359686
0 0.184375 0.8026314343053107 0.10625 0.10088082654882306
0 0.146875 0.7998848925821967 0.0828125 0.0809025192218769
0 0.60234375 0.7425049983025194 0.1515625 0.13450555404758582
0 0.46953125 0.7667945901164904 0.1546875 0.13779432835784533
0 0.42265625 0.8432442254625979 0.1546875 0.13935682835784532
0 0.65859375 0.7462341858871904 0.08125 0.08238313206674697
0 0.528125 0.7964278584338562 0.115625 0.09199714947960161
0 0.28671875 0.8025262929663095 0.1015625 0.09126016508343397
0 0.36640625 0.7684212878779269 0.096875 0.07538950361804453
0 0.24296875 0.8502334526226765 0.0953125 0.07843261646291495
0 0.20234375 0.8418543865893028 0.0703125 0.056809921980838854
0 0.14921875 0.8414139733148914 0.059375 0.05311171189493038
0 0.165625 0.8696175384437538 0.090625 0.0688119549975255
0 0.11875 0.9155984237898611 0.059375 0.05154921189493038
0 0.215625 0.8988004274079057 0.090625 0.0844369549975255
0 0.18828125 0.9200236521931352 0.0578125 0.0655298247398008
0 0.74140625 0.8146367051090673 0.13125 0.11937852103089916
0 0.64375 0.8306125079134578 0.153125 0.13146244120271575
0 0.5046875 0.8866058011069098 0.146875 0.12175989258219673
0 0.421875 0.9267970318850329 0.125 0.11592597241038013
0 0.33828125 0.8755410690855913 0.0953125 0.08312011646291495
0 0.32265625 0.9403471975342936 0.128125 0.10827724672063965
0 0.240625 0.9580791728853499 0.103125 0.08384165422930004
0 0.690625 0.9033816225673504 0.1078125 0.108775213703953
0 0.60859375 0.9225200469230384 0.1375 0.12126856965141819
0 0.6140625 0.964207421415012 0.14375 0.07158515716997585
0 0.496875 0.9715385645630356 0.125 0.056922870873928846
0 0.39765625 0.9749191921072267 0.0859375 0.050161615785546586
0 0.32734375 0.9857405054270668 0.0734375 0.028518989145866414
0 0.26953125 0.9863236815917773 0.0921875 0.027352636816445397
0 0.2140625 0.98464167288535 0.05 0.030716654229300033
0 0.24453125 0.9966470279283041 0.0890625 0.006705944143391917
0 0.4171875 0.9966680393482648 0.075 0.006663921303470488
0 0.3234375 0.9980357875392425 0.08125 0.003928424921515017
0 0.6765625 0.9549883881711825 0.0390625 0.03173467887824373