0 0.42758714058240666 0.4001636876966691 0.13176816660721985 0.1338313658798381
0 0.335894114290083 0.4580983560085504 0.23165739465236523 0.19589645858370855
0 0.5035869344252386 0.35732003329036843 0.12902686836004146 0.13655419612304245
0 0.5651563730541909 0.41321550620166453 0.13631920170823655 0.1082742902718273
0 0.6372360704026659 0.3647251064305573 0.1155953069667012 0.1148341019742575
0 0.31605924143652486 0.3691513035765072 0.18725076310157673 0.1348204215021605
0 0.43686421509961615 0.312083522575067 0.12357196485439825 0.1297009414878489
0 0.6407062327392946 0.47423192276818105 0.14446001748363066 0.13700254490702085
0 0.4257952503120954 0.558788711595094 0.1974465525400623 0.20533400638055815
0 0.6187511538400312 0.571632724477767 0.12965780696670137 0.11664386587983806
0 0.39223219336768667 0.7068933103790723 0.14936706134875521 0.12686938442061227
0 0.5232458029413277 0.5416339491344278 0.08851264031489628 0.08213032879829
0 0.24216196087360994 0.6516227179756522 0.1284790087195228 0.11956778100144021
0 0.3460385178403112 0.5382967525893785 0.10564475433746887 0.10894009270387066
0 0.6294492633467946 0.2903745400929335 0.139224657843112 0.11941287515022517
0 0.5112876624480913 0.26329149548636305 0.11071595609029039 0.11266834733906403
0 0.297856101054751 0.3107504540700716 0.13683936836004146 0.13755962051503162
0 0.6237045834819502 0.21191663887691198 0.2151008332590248 0.17377419467812805
0 0.1827582678626037 0.6031375753075604 0.16107196485439834 0.13452697856939722
0 0.260335408222085 0.6100697465092706 0.10295884206771788 0.08706509270387067
0 0.3503987020872096 0.6092437811229969 0.08209848242719922 0.06746457416309645
0 0.33414376350284225 0.6351717525893784 0.02708266665180492 0.03270377317596775
0 0.32983896523337136 0.5888225542989645 0.04777886840462653 0.03844287659513945
0 0.4635750264483713 0.2009993011086853 0.14829703501184643 0.16825254490702085
0 0.49559943011006224 0.4975197740199814 0.2426225876410788 0.18500513761089135
0 0.677162899368807 0.3964941873962188 0.13138446485439842 0.13070636587983814
0 0.46731327228924274 0.6464830757295673 0.10509689469695012 0.09195367758226833
0 0.5662065527629876 0.1854844915736267 0.18516609640518666 0.19298891223177334
0 0.6333792062463381 0.12686093131611087 0.08478439469695012 0.08933957416309637
0 0.5406151535948133 0.09958498621597597 0.19045684202313282 0.18598075174536471
0 0.6118453684937967 0.06427529400566986 0.1316040087195228 0.11996995075823595
0 0.39988438175142116 0.28762422941341087 0.14032037712414933 0.15338570539342947
0 0.35473503961682573 0.23576682283973854 0.15188881573080923 0.13488296929901003
0 0.5218364605838071 0.05864841214232648 0.1421024209892739 0.11729682428465296
0 0.6388608027184025 0.08847913887691196 0.03821201752821572 0.03567386732475251
0 0.6070332500445851 0.017502434445611732 0.049313675415912785 0.035004868891223465
0 0.5865417456402386 0.017958235793969102 0.1300415087195228 0.035916471587938203
0 0.44275220620175315 0.07021561666307359 0.14032037712414933 0.14043123332614718
0 0.45160803957224066 0.13564465452785726 0.071956078921556 0.06000806489270936
0 0.35563790799915973 0.1595290396709267 0.16652686836004155 0.14138023320459064
0 0.3673695044712241 0.12034290771813638 0.1640328069667012 0.12106773320459063
0 0.2910127018419917 0.13478302432043168 0.11263446485439835 0.12829334733906403
0 0.5557665265375414 0.36444510498564286 0.11814475433746878 0.1105487717310532
0 0.555326438785 0.299144821816831 0.09396754382053948 0.08898358343348338
0 0.6530380747624274 0.31117484716017024 0.11858384206771788 0.08907594148784889
0 0.26558361433466804 0.5548020813876684 0.11636271047234441 0.12108410197425741
0 0.3721866230318983 0.39422203575819037 0.10331485083182575 0.10248900782547263
0 0.2533150046495643 0.48564172724603927 0.06644578943848548 0.0777526405007201
0 0.21543230291903526 0.537420217253195 0.12299641222516593 0.12501344148784882
0 0.17606818011006223 0.53864163165234 0.06565069294412859 0.08380155562232225
0 0.19857211867213692 0.46808186774675936 0.09158225433746887 0.10713032879829001
0 0.22021272829036306 0.4045533538411788 0.08009689469695021 0.08873631952790291
0 0.30883714058240663 0.4154461384549051 0.07606802629232368 0.05592381952790291
0 0.27444829408804977 0.4137205482188565 0.029056561393340275 0.023730942932763278
0 0.2618800616385581 0.4284093923676414 0.06647348242719922 0.06545372537911795
0 0.280628061593973 0.33834146797565223 0.06162182453950207 0.050989055622322255
0 0.33554595188657677 0.2167070111373083 0.16970725433746886 0.11718457271818199
0 0.20758810984115145 0.35081691482115185 0.08618273680925315 0.07567924391989207
0 0.15358893446982363 0.49001795190270003 0.067268578921556 0.0594048102575158
0 0.20568144752681533 0.2849364665307378 0.09355614907900414 0.09815749855508563
0 0.2290764080214523 0.21964436774675936 0.09764040346105807 0.10637216831188126
0 0.14580112739165974 0.3718399326394687 0.11093549995541493 0.10193193221746188
0 0.15224197824577798 0.32564564020026976 0.13434530696670124 0.11724712051503161
0 0.15995755278528007 0.28159401288267305 0.05125987716873444 0.054268961473537394
0 0.14514449584087136 0.4272855931258773 0.12165345609029043 0.11407594148784886
0 0.17808061426779043 0.43458047580112485 0.06318432453950207 0.051190140500720106
0 0.15184643004318463 0.41027608849068387 0.09300828943848546 0.08117108343348338
0 0.158352513279917 0.2195192721530601 0.10756326310157674 0.12456509270387048
0 0.21956294307788382 0.15935630140913565 0.09550235083182575 0.10148358343348343
0 0.4465476842468984 0.036142243980670355 0.14040345609029042 0.07228448796134071
0 0.3069077853908195 0.5564040396709267 0.09256920170823654 0.10264391367668786
0 0.3168751845812863 0.6881418467381634 0.10761864907900413 0.09996726246066619
0 0.26534037756999995 0.7070765628468942 0.09690069294412859 0.08782325319027925
0 0.21050156615436716 0.6902979533476145 0.0754647806743776 0.06353523464950506
0 0.17586548280617217 0.6655370328683615 0.04462617541591287 0.0503396219599459
0 0.18803616700848544 0.6478237311587757 0.05243867541591287 0.05134504635193515
0 0.5665161757503008 0.5399098225392882 0.0754647806743776 0.06353523464950506
0 0.1245610660874896 0.569875262882673 0.07623218418002073 0.06978523464950506
0 0.06721534680645226 0.6110871487481997 0.09690069294412862 0.08782325319027909
0 0.022073851032458493 0.650001463640909 0.044147702064916985 0.09034499855508553
0 0.02012022602131223 0.6093221002288928 0.04024045204262446 0.09563575319027909
0 0.04024045204262446 0.5615042236337533 0.07058542979796681 0.06136948001431151
0 0.019255897055171153 0.5303383973032852 0.03851179411034231 0.0848531590414943
0 0.03606527233382777 0.7896374080185866 0.06005932453950208 0.0507879707439244
0 0.08812024599691906 0.7414173616666515 0.05633107892155602 0.057997216108730855
0 0.017710243616405587 0.7897297660729522 0.035420487232811174 0.05230429171674178
0 0.041163167053070514 0.7543806155793877 0.05575552629232365 0.05330971610873085
0 0.09724800914308088 0.7171755221530601 0.05772942103385892 0.04433688586552655
0 0.06180398282846471 0.7240436819170115 0.06142997366309129 0.04942655562232225
0 0.025179581324362023 0.7407895538769577 0.050359162648724046 0.047461885865526555
0 0.07494676788489625 0.6608398848426191 0.0988745876856639 0.07885042294707478
0 0.06994379858156637 0.6514879743562105 0.06962617541591287 0.05355698001431151
0 0.00954023481885891 0.7067772653504949 0.01908046963771782 0.08364664977110721
0 0.00392017340322613 0.6587881141344734 0.00784034680645226 0.0801194800143115
0 0.028988482761587116 0.5967841055865436 0.034100070157448134 0.03975811268955898
0 0.06673471959313276 0.5711659458225922 0.07505338593284232 0.0727091497711072
0 0.05868782921135891 0.5114580446065705 0.09007514031489627 0.08233141367668786
0 0.08398945202033194 0.5120463941130062 0.06003163155078839 0.06308688586552655
0 0.01791244090914937 0.4956617699856885 0.03582488181829874 0.0594048102575158
0 0.01669902642607883 0.4577826897424842 0.03339805285215766 0.05683688586552656
0 0.005050008909009326 0.5719144582832583 0.010100017818018652 0.06842381952790291
0 0.007351219403646259 0.43068620364806476 0.014702438807292518 0.036277121959946076
0 0.014381969392499994 0.3982758734048605 0.028763938784999988 0.06273089513591365
0 0.009995592190326757 0.3652079251144464 0.019991184380653514 0.06661405562232225
0 0.8266160397505808 0.4380039071172357 0.06219737716873439 0.05567655562232225
0 0.7839073730764834 0.42889107615157424 0.07702728067437761 0.0637363195279029
0 0.9030549213236618 0.4166330829541393 0.0668848771687344 0.05627981025751581
0 0.880247359908029 0.3957322334477037 0.07625987716873439 0.05748631952790282
0 0.8066041625372614 0.4005962651716012 0.05748218418002082 0.06737221610873086
0 0.8513134169193155 0.38715338857646164 0.05964792979796698 0.05996188586552664
0 0.7688984651664937 0.40083534469234827 0.04698377191026974 0.04449179171674165
0 0.7876751581329149 0.3668937883475688 0.04660007015744831 0.041366791716741694
0 0.8195422502452179 0.37663296346201525 0.0348951666518051 0.03370919756795683
0 0.8262441844475312 0.35962345882682173 0.04210442103385894 0.04232603708154823
0 0.843690767751141 0.2989414071172357 0.0588528333036102 0.06601080098712879
0 0.7919779563578008 0.32558808078676776 0.053425622786680546 0.04685863123033309
0 0.8671154212790768 0.33360312930607455 0.06707672804514501 0.05784231025751581
0 0.8086175967172821 0.3403625622459937 0.0380201666518051 0.03411136732475253
0 0.8268325835488277 0.31725796346201524 0.04347507015744796 0.04096462195994599
0 0.8727493291890663 0.36286537003568753 0.040158219281037334 0.038999952203150376
0 0.7657447721554875 0.3451111464019343 0.04835442103385894 0.04313037659513963
0 0.7732823423129357 0.3087714766451386 0.04542127191026957 0.04429070683834393
0 0.8237619695039626 0.2984305105364077 0.0323734122697509 0.02569561268955898
0 0.8048201186275519 0.3024060290771818 0.025739710516929647 0.021766273175967576
0 0.8188410791444813 0.28214789248919797 0.0395826666518051 0.03431245220315038
0 0.9108525748070125 0.3656507480757415 0.049533219281037336 0.04020646147353739
0 0.8758851756165456 0.23713029906287025 0.05361747366309118 0.04842113123033309
0 0.9384692546049791 0.3098111022173706 0.01946201752821608 0.03326084878397841
0 0.9280667677734336 0.33191027660935984 0.035278868404626705 0.036834197567956826
0 0.9371134519980394 0.3584265975821771 0.009895166651804743 0.030491839513591402
0 0.9161967063578007 0.30960183295413934 0.044653868404626706 0.03804070683834393
0 0.893868772133195 0.2847947334477038 0.040158219281037334 0.038999952203150376
0 0.8888242633467947 0.25699445027889184 0.03782831577539412 0.032548867324752526
0 0.9171272677288484 0.24566296490692965 0.035278868404626705 0.036834197567956826
0 0.9206913554590976 0.2667336253933382 0.034703315775394115 0.03214669756795683
0 0.9066140089424481 0.2185664788125102 0.03429192103385894 0.04132061268955898
0 0.8965121448975829 0.20064390783969294 0.03607396489898349 0.03078528244635468
0 0.8656735396391182 0.2138395205292519 0.042899517528215726 0.036277121959946056
0 0.7740902852793569 0.2771423964019343 0.04698377191026974 0.04449179171674178
0 0.9392633510770436 0.27203256441336526 0.015569614022572509 0.026608679027182714
0 0.9239538203803734 0.2839985783189458 0.03294896489898349 0.030383112689558976
0 0.8063954650996161 0.2645269488339775 0.04210442103385894 0.04232603708154823
0 0.749118978290363 0.3364861225035095 0.03607396489898349 0.03078528244635468
0 0.7465279914365249 0.3137524195779019 0.027082666651805098 0.03270377317596758
0 0.7469522326501246 0.28524833933469756 0.0386234122697509 0.02649995220315038
0 0.9344245396614108 0.24881923880535445 0.01732396489898349 0.028372263905580654
0 0.9198715660429044 0.3798681539269566 0.027494061393340274 0.023529858054365426
0 0.9290547151664938 0.38022414465656956 0.020257114022572863 0.027211933662376266
0 0.40233205736796673 0.6371609755006745 0.16518391222516587 0.1304427332045906
0 0.271073057167334 0.2596050289556252 0.065706078921556 0.05920372537911796