0 0.3650262503289762 0.650061440073302 0.14845891535490913 0.1440991972858944
0 0.4286463539156019 0.6852616127176783 0.1317413089182919 0.12738159084927717
0 0.45099124747898456 0.6992477030627522 0.12203852698730663 0.12203852698730663
0 0.7879835130663249 0.7829682311353395 0.07199496832111638 0.07344820767745457
0 0.8009969652958977 0.7525159066297075 0.08693155347041034 0.08693155347041018
0 0.790081244628993 0.7307337417790014 0.1031028566887187 0.09583665990702758
0 0.839720611709272 0.7101591618254876 0.06185514381548422 0.06185514381548422
0 0.8149826916627859 0.6636883534113988 0.10008711733238078 0.09718063861970413
0 0.8612621119613735 0.6355744250670393 0.07969820767745475 0.07243201089576327
0 0.8934026226050353 0.6317720818719738 0.06865144703379293 0.07010468639013112
0 0.8652340639388448 0.6788327521705615 0.0620736651028075 0.06498014381548423
0 0.849149878052917 0.5975499011818258 0.0999778566887188 0.09561813861970414
0 0.896767923225454 0.6058815712283121 0.09340007475773363 0.09049359604505725
0 0.9232429419148873 0.5830396509297243 0.06785377153942491 0.0809329257464693
0 0.9169818702592469 0.5391639647916946 0.08846120248167466 0.10880655347041035
0 0.8776240753388114 0.4571762734578851 0.10488387797604233 0.09907092055068922
0 0.8200300966261349 0.45809391727336923 0.09663433540139543 0.0922746173323807
0 0.8632994953852975 0.5063785979635171 0.09986859604505724 0.09405563861970415
0 0.8131302505810776 0.5456485475952 0.10666489926336595 0.10230518119435103
0 0.7044711625817921 0.6208831303987055 0.18869043144645267 0.18578395273377596
0 0.7728005455015131 0.6332085317557583 0.15369271857321784 0.15223947921687966
0 0.7616987905578345 0.5251446594796991 0.13686585149293878 0.13395937278026224
0 0.4139661309029085 0.5727833920507734 0.12839778763096846 0.12403806956195354
0 0.46797628770784294 0.6008812588789509 0.15961493664223275 0.14798902179152656
0 0.5040887503289762 0.6403372427874074 0.11982046312533612 0.11255426634364482
0 0.6121526226050353 0.6514389977310862 0.15002141535490915 0.14420845792955603
0 0.5693366919148873 0.6077871867191073 0.11858574505632138 0.1171325056999832
0 0.6071369766958641 0.5452818328803799 0.15449039406758586 0.14141123986054147
0 0.6547057453852976 0.5209648938923588 0.16484873986054147 0.15612930372251163
0 0.7152279821437458 0.5004067394332129 0.11157092055068922 0.10575796312533611
0 0.7388350909261516 0.5741666675254707 0.12828852698730664 0.12247556956195353
0 0.6737067536831708 0.42712205874306497 0.17945754307885017 0.16492514951546727
0 0.5998104317754287 0.4610542983515047 0.13028806956195355 0.12883483020561534
0 0.6233021981190736 0.34746169191488735 0.16350476114786475 0.15914504307885
0 0.5195059367191073 0.5755099182817753 0.16161447921687966 0.15434828243518836
0 0.4414298492240249 0.5024491127176782 0.16495800050420312 0.15769180372251182
0 0.417784535614156 0.44035330430358943 0.14602233020561534 0.13148993664223277
0 0.44891420331485377 0.3954178627176782 0.13810056956195355 0.12938113342392404
0 0.5172653655676698 0.38519627471839274 0.1664112398605413 0.15623856436617345
0 0.5398344982352892 0.4737999528106506 0.16361402179152656 0.16070754307885
0 0.3570327059127438 0.4197237300500588 0.02674817029858776 0.02674817029858776
0 0.368336192671192 0.4026072858662576 0.025076409654925948 0.025076409654925948
0 0.3668065436599277 0.4244822858662576 0.02184214901126431 0.023295388367602497
0 0.364697740441619 0.4324040465099193 0.019951867080279052 0.018498627723940862
0 0.44471265839441826 0.31097180690147946 0.030091691585911205 0.030091691585911205
0 0.3779132884641476 0.38794385232611805 0.01838936708027905 0.01838936708027905
0 0.3856165278204859 0.38896004910780935 0.015045845792955603 0.015045845792955603
0 0.3934836581423168 0.38763249588950066 0.023295388367602587 0.02184214901126431
0 0.37622510232611805 0.3787327432916106 0.023295388367602497 0.02184214901126431
0 0.3849827432916106 0.37578805975147106 0.021623627723940865 0.020170388367602498
0 0.38323992683175023 0.3673582007169637 0.019951867080279052 0.018498627723940862
0 0.40311538425710325 0.3721878123493611 0.025076409654926125 0.025076409654925948
0 0.39221608908456623 0.3612885171768242 0.021623627723940775 0.020170388367602498
0 0.4031535890845663 0.360523692671192 0.019951867080279052 0.018498627723940862
0 0.41263784972822803 0.35830562880922157 0.018389367080279228 0.01838936708027905
0 0.400957304555691 0.34746096395851545 0.0248578883676025 0.021951409654926035
0 0.39219966359019837 0.350405647498655 0.023186127723940863 0.020279649011264313
0 0.48012563450920476 0.2937243227409213 0.03165419158591121 0.03020095222957293
0 0.506027216808507 0.33467175083317924 0.02998243094224957 0.028529191585911207
0 0.47652003326836745 0.3452868227409213 0.031544930942249395 0.028638452229572932
0 0.46977836037188964 0.35275511531556825 0.026638909654926123 0.02518567029858776
0 0.4882223577739996 0.3335844982352892 0.029982430942249394 0.028529191585911207
0 0.49154945356695523 0.3193581072697966 0.026638909654926123 0.02518567029858776
0 0.4811582567852639 0.3123104317754287 0.025076409654926125 0.025076409654925948
0 0.4706031690380801 0.30760650628106084 0.026638909654926123 0.02518567029858776
0 0.48257329131413923 0.3254277908099361 0.025076409654926125 0.025076409654926034
0 0.4649323232451244 0.3219967882120461 0.02831067029858776 0.02685743094224948
0 0.46193300938315396 0.3315356791775387 0.021623627723940685 0.020170388367602498
0 0.44841681260146266 0.3247065249704943 0.03321669158591121 0.030310212873234654
0 0.447832304555691 0.3441831446486634 0.02496714901126431 0.023513909654925946
0 0.4330978151993527 0.3436586207634499 0.026638909654926123 0.02518567029858776
0 0.4166369348775218 0.34558710752189814 0.023295388367602497 0.02184214901126431
0 0.40506565034864667 0.333179942671192 0.02663890965492608 0.02518567029858776
0 0.41918278067047743 0.3314153468782364 0.023295388367602497 0.02184214901126431
0 0.41598672485427873 0.3215322484873907 0.023295388367602497 0.02184214901126431
0 0.4341357913141392 0.3288148707634499 0.0248578883676025 0.021951409654926035
0 0.4311582567852639 0.31580677237260424 0.02496714901126431 0.023513909654925946
0 0.10147756653673505 0.7501206962774882 0.016608345792955604 0.015155106436617416
0 0.04060576851420646 0.7979133400929724 0.02496714901126429 0.023513909654926123
0 0.11270464364025723 0.7563324914500252 0.011702324505632156 0.011702324505632156
0 0.12271342816913249 0.7688489169443931 0.018280106436617326 0.01682686708027905
0 0.1194627420311029 0.7597470685535475 0.015045845792955603 0.015045845792955603
0 0.11788381653673503 0.74897345951904 0.011593063861970431 0.010139824505632156
0 0.17741199982477304 0.8093375231289089 0.013264824505632156 0.01181158514929379
0 0.18489671789378784 0.8134787199106002 0.01337408514929388 0.01337408514929379
0 0.18991199982477305 0.808463437979615 0.013264824505632156 0.01181158514929379
0 0.314529587571957 0.8051913364866762 0.01493658514929388 0.013483345792955603
0 0.31565504499731 0.8113320758430145 0.011702324505632156 0.011702324505632333
0 0.24905740688180905 0.7631238048077925 0.016608345792955604 0.015155106436617416
0 0.2799467739620881 0.7438603525782195 0.01838936708027905 0.018389367080279228
0 0.1203803858465871 0.7021530898408709 0.015045845792955603 0.015045845792955603
0 0.07532461196137358 0.6905325288288922 0.018389367080279096 0.018389367080279228
0 0.07587091517968225 0.6827200288288922 0.013264824505632156 0.01181158514929379
0 0.30455183414088766 0.25857841644019 0.010030563861970343 0.010030563861970432
0 0.3006620096352556 0.2697344377275135 0.008358803218308708 0.008358803218308708
0 0.3045682596352556 0.2694612861183591 0.01337408514929388 0.01337408514929388
0 0.31036479156624075 0.26439137386554307 0.010030563861970343 0.010030563861970343
0 0.3167240522099025 0.2623918312908961 0.01493658514929388 0.013483345792955603
0 0.3305187544394754 0.2318848764634331 0.03510697351689647 0.03510697351689647
0 0.32402845381905687 0.25799390839441827 0.015045845792955603 0.015045845792955603
0 0.3182154963937038 0.25218095096906523 0.011811585149293879 0.013264824505632156
0 0.32904373575004203 0.2529786264634331 0.01493658514929388 0.013483345792955603
0 0.39239068772751345 0.29208504910780936 0.01337408514929388 0.01337408514929388
0 0.39193721965849865 0.2874521794296402 0.016608345792955604 0.015155106436617327
0 0.3958598951528665 0.29806189749865497 0.011702324505632156 0.011702324505632156
0 0.23100470951904 0.1541037199106002 0.02831067029858776 0.02685743094224948
0 0.25725585308242266 0.16781665864651985 0.03321669158591121 0.0303102128732347
0 0.24375608179509917 0.17187037411764458 0.03154493094224957 0.028638452229572973
0 0.2549995843929892 0.1889650389683507 0.03488845222957302 0.031981973516896425
0 0.2504924008528497 0.19783194057750503 0.03321669158591121 0.030310212873234745
0 0.3505256158197714 0.3237774455211836 0.008249542574646895 0.006796303218308708
0 0.34555961037188976 0.3614413364866762 0.01337408514929388 0.01337408514929388
0 0.3524269694063971 0.3632934135901984 0.011702324505632156 0.011702324505632156
0 0.3577864587627354 0.3644735013373823 0.009921303218308707 0.008468063861970432
0 0.3465593816592132 0.3582617061648453 0.013264824505632156 0.011811585149293879
0 0.3498482726247058 0.35569943487752187 0.013155563861970343 0.01024908514929388
0 0.35531702262470577 0.3553170226247058 0.01493658514929388 0.013483345792955603
0 0.3627471103718897 0.3602394694063971 0.01337408514929388 0.01337408514929388
0 0.37134086037188974 0.3596385358662576 0.01493658514929388 0.013483345792955603
0 0.3770281316592132 0.3561311236134415 0.008358803218308708 0.008358803218308708
0 0.3841686423028749 0.3540769507169637 0.015045845792955603 0.015045845792955603
0 0.3604961955211836 0.3479579906937206 0.011593063861970343 0.010139824505632156
0 0.3593871635901984 0.3527001210155515 0.011593063861970431 0.010139824505632156
0 0.3683086955211836 0.3474116874754119 0.01337408514929388 0.01337408514929388
0 0.3760119348775218 0.34842788425710325 0.015045845792955603 0.015045845792955603
0 0.3859332380958305 0.3399598203951328 0.016608345792955604 0.015155106436617416
0 0.38258971680850706 0.3433033416824563 0.01337408514929388 0.01337408514929388
0 0.3531753684176614 0.34147304391202926 0.01337408514929388 0.01337408514929388
0 0.3550110200268157 0.3374575332683675 0.015045845792955603 0.015045845792955603
0 0.36155059713033794 0.3439971103718897 0.01337408514929388 0.01337408514929388
0 0.3637140306704775 0.335294099728228 0.01838936708027905 0.01838936708027905
0 0.35690130195780095 0.33266077262470584 0.01493658514929388 0.013483345792955603
0 0.3734878684176614 0.34005265554442665 0.015045845792955603 0.015045845792955603
0 0.3840811609923083 0.3330924613606254 0.018280106436617417 0.01682686708027905
0 0.38987769292329355 0.32802254910780937 0.010030563861970343 0.010030563861970432
0 0.38708047485427877 0.3235535703951328 0.016608345792955604 0.015155106436617416
0 0.3822290838887862 0.32622510232611807 0.01493658514929388 0.013483345792955603
0 0.38857191903808 0.31334269007330195 0.016608345792955604 0.015155106436617416
0 0.3912980812908961 0.30771004910780936 0.01493658514929388 0.013483345792955603
0 0.3877196132218813 0.3032957007169637 0.013264824505632156 0.011811585149293879
0 0.39749345096906524 0.30805425653316243 0.009921303218308707 0.008468063861970432
0 0.3802513206472343 0.3100373736134415 0.01337408514929388 0.01337408514929388
0 0.37127515839441827 0.316107057153581 0.016608345792955604 0.015155106436617416
0 0.3781425174289257 0.3179591342571032 0.011702324505632156 0.011702324505632156
0 0.37312723549794047 0.3229744161880884 0.01493658514929388 0.013483345792955603
0 0.3710184322796318 0.33089617683175016 0.01493658514929388 0.013483345792955603
0 0.35968209453244787 0.3262468816592132 0.013264824505632156 0.011811585149293879
0 0.3658610387162492 0.3157082194063971 0.01337408514929388 0.01337408514929388
0 0.35939251742892575 0.3192702619810441 0.008358803218308708 0.008358803218308708
0 0.36368117968174174 0.31352836037188975 0.011702324505632156 0.011702324505632156
0 0.36796984193455784 0.30778645876273536 0.01493658514929388 0.013483345792955603
0 0.3650633632218813 0.30487998005005884 0.011593063861970343 0.010139824505632156
0 0.3745476238655431 0.30266191618808846 0.011593063861970343 0.010139824505632156
0 0.363227711612727 0.3088954906937206 0.011702324505632156 0.011702324505632156
0 0.22535028922045228 0.17937687151975454 0.03154493094224957 0.028638452229572973
0 0.2009512227605918 0.1725312918183423 0.02496714901126431 0.023513909654926037
0 0.2184993556803127 0.1884076640944015 0.02987317029858776 0.02696669158591125
0 0.20409264825495965 0.18319564020918797 0.025076409654926034 0.025076409654926034
0 0.19417134503665098 0.19166370407115838 0.03488845222957293 0.031981973516896425
0 0.1814910285767905 0.1839986695422831 0.02006112772394082 0.02006112772394082
0 0.17311579986411402 0.18147460308242266 0.023404649011264312 0.023404649011264312
0 0.17296833439298925 0.19470122276059182 0.0365602128732347 0.03365373416055819
0 0.15102227857679051 0.18612925209368697 0.028201409654926034 0.025294930942249483
0 0.14210074664580533 0.1914176856338265 0.026638909654926036 0.02518567029858776
0 0.15617967214017317 0.20131720951904003 0.02987317029858776 0.02696669158591123
0 0.14524217214017318 0.20208203402467215 0.03321669158591121 0.030310212873234745
0 0.14191507634721753 0.21630842499016478 0.026638909654926036 0.02518567029858776
0 0.15396160827820277 0.21080147016270176 0.013155563861970431 0.01024908514929388
0 0.12961717214017315 0.20317464046128952 0.02831067029858776 0.02685743094224948
0 0.2874407437958137 0.23645204416413082 0.023295388367602497 0.02184214901126431
0 0.26753243538172494 0.20985669317539507 0.02485788836760259 0.021951409654926035
0 0.23135998860003362 0.20461181830144587 0.029982430942249484 0.028529191585911207
0 0.21210189020918796 0.20207132634721753 0.031544930942249486 0.028638452229572998
0 0.21860326248524714 0.22027502312890893 0.03321669158591121 0.030310212873234654
0 0.19805581570355582 0.21393754181834232 0.026638909654926036 0.02518567029858776
0 0.18019632634721755 0.21363153922045228 0.03488845222957293 0.031981973516896446
0 0.16391576248524714 0.22409914565706962 0.02496714901126431 0.023513909654926037
0 0.15492317473806322 0.21928595951904004 0.01682686708027905 0.018280106436617417
0 0.1792676108760928 0.22691278922045227 0.03165419158591121 0.03020095222957302
0 0.1712530150831372 0.24146696211693008 0.02831067029858776 0.02685743094224957
0 0.18438679961201246 0.2537648663239745 0.02987317029858776 0.026966691585911206
0 0.19025438735919636 0.2587965737493275 0.02674817029858776 0.02674817029858776
0 0.17517569057750504 0.25207668018594487 0.026638909654926036 0.02518567029858776
0 0.1679094937958137 0.24481048340425354 0.023186127723940818 0.020279649011264313
0 0.1556990708993359 0.25266118823171657 0.03165419158591121 0.03020095222957293
0 0.1645823980028581 0.25903687436974615 0.02987317029858776 0.026966691585911206
0 0.16432567188807162 0.27382599404791524 0.02496714901126431 0.023513909654926037
0 0.16163771446271857 0.2677945153352387 0.019842606436617328 0.016936127723940864
0 0.1832013580261012 0.28183523600214355 0.031544930942249486 0.02863845222957302
0 0.16234255480779253 0.29106812436974616 0.03321669158591125 0.030310212873234654
0 0.16138098834793208 0.2825836350134079 0.02652964901126431 0.023623170298587758
0 0.17998352287680733 0.2944991269676362 0.029982430942249484 0.028529191585911207
0 0.15856199094582213 0.3006616456570696 0.028201409654926034 0.025294930942249483
0 0.1897409351296234 0.28837481310566576 0.02652964901126431 0.023623170298587758
0 0.20055274899159378 0.27828961892186455 0.034888452229573 0.03198197351689647
0 0.17871595381905686 0.2681551482549597 0.02652964901126431 0.023623170298587758
0 0.19445021446271857 0.2655000418183423 0.031544930942249486 0.02863845222957302
0 0.19614375443947546 0.24128129181834232 0.031544930942249486 0.02863845222957302
0 0.20310394862327671 0.23068799924369535 0.028201409654926034 0.02529493094224957
0 0.2520166960253867 0.20938679961201245 0.026638909654926036 0.02518567029858776
0 0.2113263580261012 0.2798685444162324 0.02831067029858776 0.02685743094224957
0 0.22370067188807163 0.2696740895887693 0.031544930942249486 0.02863845222957302
0 0.23129465060074814 0.2722527863704607 0.028419930942249483 0.028419930942249573
0 0.2080974512211668 0.24821970666904844 0.03009169158591123 0.030091691585911205
0 0.22323077832468896 0.25415835023243105 0.029982430942249484 0.028529191585911207
0 0.2254324166922915 0.2337912199106002 0.03488845222957302 0.03198197351689647
0 0.2587912199106002 0.22368424639370374 0.03332595222957302 0.031872712873234656
0 0.24044005765778415 0.2304094937958137 0.03165419158591121 0.03020095222957302
0 0.2397844937958137 0.2397844937958137 0.026638909654925946 0.02518567029858776
0 0.2543715176810272 0.2535356373591964 0.031544930942249486 0.02863845222957302
0 0.24227035542821115 0.2598238421866594 0.02831067029858776 0.02685743094224948
0 0.25869303092257906 0.2695594751063803 0.028419930942249573 0.028419930942249483
0 0.2656532251063803 0.25896618253173337 0.026638909654926036 0.02518567029858776
0 0.2702532437958137 0.23765391124440988 0.023404649011264312 0.023404649011264312
0 0.25675347250849023 0.24170762671553464 0.021623627723940865 0.020170388367602498
0 0.27059745122116674 0.24384928092257904 0.02987317029858776 0.026966691585911206
0 0.2786448980028581 0.2510608473824395 0.02987317029858776 0.026966691585911206
0 0.2731379431753951 0.2631073793134247 0.028201409654926034 0.025294930942249483
0 0.18501450234578848 0.07802182115143745 0.04491901609154336 0.04201253737886686
0 0.20012605011621556 0.10650745407115839 0.048153276735205156 0.0437935586661903
0 0.1555237443000168 0.09951976273734868 0.025404191585911208 0.029763909654926035
0 0.16595314590917115 0.09490331855354742 0.03499771287323474 0.03354447351689642
0 0.17047675494367856 0.09691928662256222 0.040012994804219916 0.038559755447881636
0 0.19278344367959818 0.1225694966458053 0.04157549480421992 0.038669016091543364
0 0.17872094367959818 0.12355284243876094 0.038341234160558194 0.03688799480421991
0 0.16315057400142904 0.12386419887537828 0.05484031930985207 0.05048060124083725
0 0.1485417707831204 0.13266004466833387 0.04982503737886681 0.04546531930985207
0 0.1703949914500252 0.15367738501340789 0.04826253737886681 0.045356058666190344
0 0.1914887414500252 0.15220236632397444 0.05171531930985207 0.0502620799535138
0 0.13622208724298085 0.1420732494957969 0.03488845222957297 0.03198197351689647
0 0.14250493823171656 0.16340194627748822 0.03990373416055819 0.03699725544788164
0 0.12626257919720912 0.16220543303593643 0.046590776735205085 0.04368429802252858
0 0.11659800209368694 0.15588437721973772 0.025404191585911208 0.029763909654926035
0 0.09777159243876093 0.1805237443000168 0.023732430942249506 0.028092149011264313
0 0.08624958439298924 0.2007651884838181 0.025294930942249504 0.028201409654926034
0 0.07701669602538667 0.22162399170212677 0.03354447351689642 0.03499771287323465