0 0.7854979095780514 0.839757335203332 0.2319705378830701 0.20820064514629594
0 0.7255384015322798 0.81509979632486 0.1529278940675857 0.1438264953818517
0 0.5201842660146688 0.8320748084358787 0.16372328243518836 0.1649592016024072
0 0.46702641502593306 0.8491652721493047 0.08704081411407198 0.0899209539114814
0 0.8205399090738483 0.6968466652693504 0.21256497402109958 0.1971852327051849
0 0.7620554197175101 0.6932828763908783 0.18480060694082034 0.17767381508027746
0 0.8261347091900639 0.5769832246001837 0.17767652179152654 0.1646270109332404
0 0.6472063158787827 0.6498466517442119 0.20929786238870207 0.21708762959490713
0 0.5773961964527152 0.7175037519797675 0.1384283514929388 0.13634618605101814
0 0.5231075341998992 0.7073188162115731 0.14813113342392406 0.14185389227157383
0 0.5265874493027068 0.7681879656931935 0.1321783514929388 0.13579938190398125
0 0.4445944041301698 0.772661560744953 0.10521165990702759 0.10548716531583331
0 0.47351744360272363 0.6532861356271751 0.1549274366422327 0.15021319641861092
0 0.46500046723583555 0.5647998340720363 0.14824039406758568 0.14341639227157382
0 0.7342092891435776 0.617081961357869 0.09652507475773361 0.09230366013203692
0 0.8013589482943007 0.500274461640693 0.13599176634364482 0.123709485014259
0 0.734979831466123 0.5503729149865264 0.09441627153942492 0.08435445909527761
0 0.7488295279957129 0.4708316779460171 0.18737930372251163 0.17013471715379605
0 0.6325871689612054 0.4629912007074526 0.18280106436617344 0.17128711404351815
0 0.4998346531217637 0.48554156102777685 0.17251912822814397 0.17970520678620336
0 0.6502059937189392 0.548391458483147 0.18970662822814396 0.18120891819055523
0 0.6602522551189055 0.7697880048544896 0.1364288089182919 0.129959485014259
0 0.6391653148703765 0.3571902600382858 0.16441169728589458 0.15259590263916634
0 0.5709287670999496 0.38072621338411927 0.19472191015912904 0.18630652130083297
0 0.38759673307527737 0.5238631843075919 0.18134782500983526 0.172712913006759
0 0.3743972465689307 0.5793907229032401 0.09172831411407198 0.09033105702175917
0 0.42229379718934934 0.6092046534876381 0.08482275025210147 0.08040925287472209
0 0.40351630003934097 0.6626912384546289 0.08536905347041017 0.08822175287472192
0 0.5808011578133406 0.3109311232333322 0.12316398441265974 0.11792837672018504
0 0.553446700135886 0.24176145820032305 0.08558757475773363 0.09134675287472209
0 0.5128324078133406 0.3049846281343046 0.15848947921687967 0.15673659849212934
0 0.4340136391239072 0.2771241768147214 0.1433343727802623 0.13988128916129608
0 0.4746000703182583 0.3800632491050454 0.1503491972858944 0.15136559330833305
0 0.3358432089379623 0.46110005268643456 0.19897236758448217 0.18046662441111075
0 0.3723984319506557 0.35093353223407336 0.19258025595208467 0.20009561922731453
0 0.2308718496513534 0.3812574363338422 0.13341306956195356 0.13124858294074046
0 0.28384938418022865 0.37269237210203654 0.1456616972858944 0.1509554901980552
0 0.22353496103164927 0.28743908581546257 0.18076867080279085 0.1866387119699997
0 0.21381076374575486 0.14837658581546256 0.12617972376899803 0.11663927879370348
0 0.27830495248167453 0.12684262987773096 0.1353033514929388 0.13607278397749972
0 0.673911655467552 0.409924280773471 0.14689641535490913 0.14640469123481453
0 0.27624506176828345 0.1973212252123143 0.13864687278026225 0.13947118605101833
0 0.3003652588020763 0.264654988171805 0.15536447921687965 0.1564631964186109
0 0.3722624021133574 0.18242754000976782 0.1896737772394082 0.202947217153796
0 0.3489945108957633 0.10507422808703637 0.18861402179152656 0.16558391819055518
0 0.40449611188449897 0.08818881592874923 0.14336722376899796 0.1181429901980553
0 0.4405371547112475 0.1705419861455547 0.12516352698730665 0.12431507775694421
0 0.49208858305560693 0.2193109682850917 0.11691398441265974 0.11738157257314794
0 0.31490373416055817 0.06171520735185125 0.09219820767745457 0.07484275805851834
0 0.985325130826034 0.4157701969377759 0.029349738347931975 0.07468693317629622
0 0.9677605724119452 0.47238178190476676 0.06447885517610956 0.08224515494824054
0 0.8883622855372814 0.3564745264381465 0.11880426634364483 0.12220577360990718
0 0.9353247668478479 0.33961850857768344 0.06541718639013112 0.06939384043361105
0 0.9641330098489199 0.4334170267209704 0.0717339803021602 0.0785733508012036
0 0.9255177141337423 0.47697224561819274 0.09652507475773361 0.09230366013203692
0 0.9448340297112475 0.4039933668717575 0.11033194057750499 0.12431507775694417
0 0.8827403522492435 0.4204297196992114 0.09329081411407217 0.09046775805851834
0 0.8301727271231926 0.3793365365229151 0.11335194183801259 0.11085817049962943
0 0.8812874768710912 0.31082027384624833 0.0952903566887187 0.09685445909527761
0 0.8889307320668713 0.27577133058518355 0.10150750569998337 0.11913956220555537
0 0.840815660159129 0.24283240000078546 0.11502370248167457 0.11255737153638865
0 0.806954476366888 0.15834053133911882 0.0843528566887188 0.09589755183796282
0 0.7545721575612391 0.2531458919422671 0.1334130695619537 0.13124858294074054
0 0.809374272043628 0.29288162667370216 0.09663433540139543 0.09386616013203683
0 0.769224883423924 0.19619255438337818 0.12149222376899793 0.11622917568342568
0 0.7546653566887189 0.15454229660768376 0.05818384059717552 0.05478453628657398
0 0.7080688621366005 0.1877362139497672 0.10310285668871888 0.09753796427907391
0 0.6901490246415182 0.26459194839837835 0.09550887797604232 0.09997945909527761
0 0.6313367533541947 0.2563406595199062 0.10899222376899793 0.11513556738935167
0 0.5830688621366005 0.17680013100902667 0.1202575056999832 0.1207799746466665
0 0.7109100028499916 0.11732596913356348 0.10510239926336577 0.10392466531583314
0 0.6614070295851967 0.1533714844021284 0.09663433540139543 0.09386616013203683
0 0.6496607824351883 0.20747322403453583 0.08180701089576328 0.08169835080120355
0 0.7292722367584482 0.08010893312981342 0.08979447351689647 0.04046775805851834
0 0.661833364482389 0.09284408751240614 0.09554172896477801 0.07824116013203689
0 0.6277532954246385 0.11626246366694323 0.10488387797604233 0.10079966531583313
0 0.5317523805739324 0.12028699938786938 0.09663433540139543 0.09386616013203684
0 0.5915044389880212 0.09756169033985998 0.13300887797604233 0.10326028397749976
0 0.5331074309422494 0.07304085249814712 0.10371486188449897 0.06187386635259238
0 0.4830088779760423 0.13388131621157315 0.13799130891829173 0.13009618605101828
0 0.4570530293330952 0.0625046022153232 0.1359810586661904 0.05693208812453678