0 0.5627261227310323 0.37527396726221374 0.15537828104191612 0.14726433234903044
0 0.4424888976463547 0.4268131034786265 0.11388195939725243 0.11363542352656761
0 0.5189612266733359 0.42375842112355216 0.15081094278703766 0.1591074308786201
0 0.3201183546081723 0.5177431904302444 0.17758377550517776 0.1634617621278645
0 0.10823455603325158 0.585003593377109 0.19621361376005625 0.15309669190669872
0 0.6149047248277565 0.429088668547312 0.11865963037027108 0.10335482499697815
0 0.5064764207160976 0.4929612203883469 0.19981926074054232 0.20276824117149342
0 0.3958395237356115 0.5320402334427727 0.11679662667911232 0.11240137426177288
0 0.3658066332146535 0.5962294409801374 0.11886996308841127 0.10491732499697815
0 0.2921588004965133 0.5900733487028142 0.20030010637773846 0.17201091727430118
0 0.09397701668622807 0.6968044560609103 0.11950096124283191 0.10960482499697814
0 0.23048513598302262 0.5891373093663121 0.07581114144374776 0.07112419080691268
0 0.2524352122416348 0.5732213764613449 0.0682991451349066 0.06109228933650215
0 0.2538173702955975 0.5511821510937422 0.04723548523536447 0.04193408492527073
0 0.4502866009170134 0.5219167832574605 0.12244561929679457 0.13147982499697797
0 0.6125912635849247 0.5286757461205303 0.1303482902698132 0.12152767720259376
0 0.7227775043570274 0.5164876838013097 0.16724728288749552 0.14389063528985152
0 0.7158363260016911 0.4856506062280914 0.09050463959816835 0.07728971911533619
0 0.6363591587198313 0.47571261248035784 0.16733745386051418 0.13311736065745414
0 0.6791027792723499 0.5760738630302508 0.1620489464781965 0.151046233819441
0 0.6213655541876721 0.6341820139507683 0.13840111376005632 0.14702035330540167
0 0.471801215010004 0.6034084032933142 0.17812460268657962 0.17892253676026187
0 0.5862842811179293 0.5710720663416963 0.10396613221585049 0.09718929668855444
0 0.5388684539365274 0.5819345306812203 0.12223528657865437 0.12991732499697797
0 0.5450434770062703 0.6420063089896438 0.09290847047072895 0.08370394448293883
0 0.5672640661839384 0.6593955521874845 0.05703115067164486 0.04604443713088635
0 0.5185261618211348 0.6859651292108098 0.0957329667795701 0.09324316985054146
0 0.5806054963848544 0.6956591439149146 0.11667646493399068 0.10006559962937552
0 0.5378922639178588 0.736331097776253 0.10156230134328972 0.090775071320952
0 0.5219819542694616 0.7956662209382399 0.16748760637773863 0.16856218455464642
0 0.5015944773392045 0.8529461679974191 0.14257777735075727 0.15516130404060685
0 0.4234544819531532 0.8566178749848905 0.16613543909587877 0.1699604591870436
0 0.38512804713828874 0.805843702008216 0.14723528657865437 0.1325449308786201
0 0.3240101058638963 0.7360356731498994 0.12064279580655154 0.10664405036458077
0 0.31582182725741503 0.6614908314224692 0.16258977365959834 0.16650700845183836
0 0.47035907541183564 0.6729795301313273 0.10501779580655146 0.10500179668855444
0 0.23188248807974685 0.6376146862043253 0.07674264328932719 0.06660091617451531
0 0.4596170120722795 0.7233502167123207 0.08049864144374777 0.0716168669097204
0 0.4946830910992608 0.715943562115777 0.047445817953504846 0.04349658492527073
0 0.445569606786686 0.7511890018229037 0.05609964882606562 0.050567711763283896
0 0.1940971784313496 0.6946506542198755 0.18749960268657967 0.17990788896587767
0 0.14188848623416744 0.6234021148833733 0.13158029580655156 0.10779362793779904
0 0.1421442024238822 0.7509898439270021 0.14275811929679455 0.13361475477581203
0 0.23554861324621398 0.7457532779317553 0.11709713037027117 0.10319059962937552
0 0.17001388354758779 0.791157326646657 0.14137596124283194 0.11190398014341482
0 0.19477356005734475 0.8191133832635042 0.0810094778530468 0.06396859227732321
0 0.2130428137485036 0.8305412003585371 0.0696513124167664 0.059694014704104605
0 0.15569616399964842 0.8680905132276505 0.13536628473307494 0.13591862793779902
0 0.2109094957949989 0.8699321510937423 0.09522213037027116 0.10089144448293866
0 0.18251418153265303 0.9160704959473055 0.12545045755167306 0.11947250109978569
0 0.08176302163311096 0.9207746221488133 0.15591910822331795 0.1584507557023734
0 0.09044674394941946 0.8525171851045392 0.14525212114237399 0.12925570551101728
0 0.3983038327941534 0.6844215012730107 0.17980726443170117 0.19142253676026186
0 0.18141753178379783 0.9595319220501134 0.08362364144374776 0.07194531764492566
0 0.11615311634751746 0.9492655907142564 0.12325695939725248 0.10146881857148707
0 0.10173013111215293 0.9775759340047532 0.10706114144374776 0.044848131990493555
0 0.0555011246526249 0.9599802295935218 0.08918246308841134 0.08003954081295639
0 0.05883655669912018 0.9999858459533492 0.03064899261768226 0.0000283080933016322
0 0.024820452680803334 0.6926285042259192 0.04964090536160667 0.17045785330540167
0 0.015873615810109425 0.6352688034907139 0.03174723162021885 0.08871989521814391
0 0.03529974911521687 0.6880160398863951 0.07059949823043374 0.09883626838013093
0 0.06920224546206459 0.6395315860250567 0.1352461229879534 0.12358285330540167
0 0.029034853057520536 0.8117421137835873 0.05806970611504107 0.139212571320952
0 0.06355250788171918 0.7622723077166331 0.12710501576343836 0.16189926212786468
0 0.027337245590525156 0.8690572196652292 0.05467449118105031 0.06701383860129688
0 0.07055481005734475 0.8060574665390959 0.12554062852469172 0.10869922646738876
0 0.03296493706939133 0.914613698708858 0.06487364144374774 0.06997461323369443