0 0.552540577257415 0.5936187825488826 0.12358745386051417 0.12158052273741297
0 0.5610893410992608 0.6282338630812303 0.10417646493399069 0.0928188527754692
0 0.520749551419303 0.5296491244499368 0.14089511560563572 0.13471719269935695
0 0.4657317556127515 0.6266806333471854 0.12824496308841127 0.09846135771838505
0 0.5234836780984152 0.4285322934232976 0.12578095201493475 0.12633168973360737
0 0.4415576937858404 0.4714957262368228 0.12496961191447684 0.1433918557412186
0 0.6353075944574854 0.4231988531953986 0.14654410822331804 0.1535945266917457
0 0.3330991009170134 0.45182916646472177 0.15847329026981322 0.11523236364988403
0 0.46738422792906 0.5566864683281574 0.054026312416766406 0.055035009885831696
0 0.41311739336534037 0.555789813194961 0.08407429765213092 0.0935536818249421
0 0.3750165846397328 0.6194994861226546 0.135877121142374 0.120527358706968
0 0.3369909515010925 0.7057380750579592 0.15426663590700943 0.08398236364988403
0 0.4944128761652701 0.719524707948034 0.12448896493399068 0.09364652372599629
0 0.28584921626572796 0.7451162514456937 0.12037228288749553 0.13232702174882965
0 0.3780217208796765 0.7530149816740301 0.092637957551673 0.11099584980971962
0 0.30019682725741503 0.6039010024342769 0.10742162667911223 0.1053825197716634
0 0.23131167012624215 0.6307937662744413 0.16415247231630845 0.07661553262324468
0 0.27674443119971875 0.6569132558943179 0.08963331795350467 0.04250051779449713
0 0.23433130511046185 0.5506433512554133 0.11616562852469174 0.10107702174882985
0 0.15794914705649923 0.5755107000765497 0.12094329949771039 0.09039418973360736
0 0.15423803573187783 0.504958119544202 0.17524012483353282 0.11280770060802219
0 0.24687619194026106 0.4747666007611217 0.07373780503444874 0.07448534684397004
0 0.31999829219140585 0.5145201674533049 0.11886996308841136 0.0980793557412186
0 0.4096163167737939 0.36246823612265455 0.12695277735075727 0.14658052273741298
0 0.2576633407663265 0.42926309977253857 0.09687480134328981 0.08475168479069164
0 0.29152740502867236 0.3797114273391367 0.1337438031888693 0.08159219269935694
0 0.330785143032406 0.3478101699247629 0.06598548523536447 0.039983012851581276
0 0.35863963011335 0.31404266498184696 0.06682681610792525 0.04623301285158128
0 0.3728823727310323 0.2948151625103891 0.03909249077210282 0.02490184091247105
0 0.4223865317077847 0.2733739026245573 0.09519213959816834 0.07225168479069151
0 0.5268638976463547 0.3514750449061723 0.11992162667911224 0.1058918557412186
0 0.6308006350602329 0.5259418512182322 0.1537857902698132 0.1150413626613009
0 0.5645750249913355 0.6716018611040641 0.13446497231630855 0.07540585969555132
0 0.6701337473076441 0.597373840838109 0.13287228288749553 0.13283635771838503
0 0.7176097546899618 0.6140864969598884 0.13136996308841126 0.09858869171077381
0 0.7307405541876723 0.528085329963694 0.1024036322158505 0.09119268577927464
0 0.6085947432835509 0.3792233601154808 0.1011416359070095 0.08181768577927465
0 0.5348114554491724 0.28666312840426955 0.11721729211539263 0.10888952174882985
0 0.5094808616575557 0.26127846783386577 0.11418246308841126 0.09788835475263546
0 0.45943567684269127 0.21747672969686388 0.07331713959816835 0.07136034684397004
0 0.5259469938734063 0.1735874668452826 0.11847928842423379 0.11826452174882984
0 0.5818517026808033 0.277753702016535 0.10177263406142992 0.08650518577927473
0 0.5811457275961256 0.340716617035563 0.051412148826065616 0.04715884288963732
0 0.6730627146770697 0.30433876524867715 0.1510514649339907 0.0947288626613009
0 0.5936151408538923 0.12110445399370133 0.11778811006889747 0.14776102076024666
0 0.49325455629017273 0.12208597524823958 0.11953095201493476 0.12607702174882984
0 0.5913779478099336 0.6860490216744678 0.11760796677957011 0.0887043557412186
0 0.6953286873263125 0.44483908984952575 0.09552263406142991 0.08625051779449713
0 0.7259325944574855 0.4195061674161239 0.06505398338978523 0.0446068458553869
0 0.6659864785189153 0.3395905157429687 0.05817298523536465 0.0396646778706093
0 0.6765631952984856 0.2552473492410659 0.1200719778530468 0.0608340237259962
0 0.5906706814566398 0.22378378502034058 0.08070897416188778 0.06855368182494201
0 0.6418574028501587 0.14944035962118923 0.10700096124283184 0.10225751977166349
0 0.6213046786882707 0.21554286209264717 0.06799864144374776 0.0664818458553869
0 0.2635978416891162 0.43135218178776097 0.09738563775258893 0.07700285178688589
0 0.568675122398098 0.07550279391758916 0.08091930688002798 0.07011618182494202
0 0.8818672940369853 0.496287548823324 0.10670045755167301 0.11156885277546902
0 0.914198849071434 0.42348937737850534 0.0618086229879534 0.1128475098858317
0 0.7143339068742518 0.3671451713704566 0.07382797600746738 0.06361151384016442
0 0.7158963075458967 0.3266793388609425 0.044531150671644856 0.04221667490485981
0 0.7560104711365977 0.3172751639560828 0.04735564698048602 0.05165534190105418
0 0.7894239785189153 0.3345608230436118 0.05318498154420581 0.0487850098858317
0 0.789138470213808 0.3135944070360005 0.031910988926523484 0.029271005931498985
0 0.8076932322100742 0.34313998559118186 0.04191698708094407 0.03434050790866543
0 0.7651452469747098 0.3821679934998473 0.04702515251722446 0.037656508897248565
0 0.9420381421096163 0.3205726244127558 0.024218650671645036 0.04138900395433272
0 0.9225820676965835 0.3438973778727969 0.051712652517224456 0.0378475098858317
0 0.867293858299331 0.4487095532719483 0.09933881241676659 0.05688135277546902
0 0.8654307552798173 0.39905972175101745 0.0801681469804862 0.052992348821136306
0 0.911854999743079 0.38318271235947726 0.05880398338978523 0.0443521778706093
0 0.9478673773449809 0.28304079091465856 0.02097348892652349 0.028825336958138336
0 0.9327382183682286 0.3030813768842137 0.04828714882606562 0.04703150889724857
0 0.8973716356500884 0.3060763842985875 0.04305882164466368 0.031279174904859805
0 0.8730328232333218 0.3599017212567258 0.057031150671645034 0.042726010874414924
0 0.8884323958007752 0.3320804687852679 0.039723488926523484 0.029589340912470962
0 0.8535315640054246 0.33738739270154455 0.03419465805396271 0.023148339923887918
0 0.8853379825430086 0.5513106298499633 0.06859964882606562 0.04785917984777566
0 0.9031565800257841 0.5863249584051445 0.015144154362803874 0.031695668973360826
0 0.8717262380797468 0.5658506323214212 0.06316098892652348 0.0305443458553869
0 0.7745206442881301 0.5433946535759594 0.05411648338978505 0.044161176882026254
0 0.7794032829635087 0.4724919045645426 0.07527031426234583 0.05123884783255317
0 0.8289225366546674 0.4797977271882249 0.05225347969862639 0.05340884288963732
0 0.8125161873263125 0.44006406513494645 0.035456654362803874 0.032523339923887916
0 0.7985287635849245 0.42276381859498746 0.06129798523536447 0.03979201186299815
0 0.7598118527625928 0.43910374300555566 0.04107565620838329 0.02809050790866543
0 0.7563562589709761 0.4128277444884304 0.03921265251722446 0.037338173916276675
0 0.7964854179477283 0.39176848657976504 0.03659848892652349 0.029462006920082207
0 0.7939162405151817 0.3646794045645426 0.03918266174512155 0.01402800790866543
0 0.0013453152231421627 0.5655958250951402 0.0026906304462843253 0.051429848821136305
0 0.03577289840267721 0.5669235617492674 0.07154579680535442 0.061250517794497125
0 0.03596888136907404 0.5408558102663926 0.05201315620838322 0.028536176882026254
0 0.020583658553364092 0.6183414817112112 0.041167317106728184 0.05905134783255335
0 0.016099043242656114 0.6643397312169197 0.03219808648531223 0.052419345855386726
0 0.04453273992532629 0.6042179733082543 0.044531150671644926 0.04221667490485981
0 0.01790961274681256 0.8103379807226281 0.03581922549362512 0.06344968775644126
0 0.02008806585100417 0.7799647312169197 0.04017613170200834 0.0558918557412186
0 0.19208412155132146 0.7201891887078432 0.04254798523536456 0.03902800790866543
0 0.23760695426946166 0.7167803458182058 0.026502319799084174 0.035266337946721474
0 0.23626978237365326 0.7036264298105946 0.029927823490243012 0.026082338935304605
0 0.21564178329644296 0.7067978507611217 0.025029990772102818 0.02432883794672147
0 0.1942475296052841 0.6983460222059403 0.0253304944632617 0.015017504942915849
0 0.21987852775970468 0.6926398502668301 0.028876159899542043 0.018269838935304605
0 0.18472227775970468 0.6940723576812039 0.03305282349024301 0.026209672927693363
0 0.16361383035871851 0.8277934416735928 0.0332631562083832 0.02777217292769336
0 0.1641394634973588 0.7430828606469534 0.032752319799084176 0.035521005931499164