0 0.9682314424285039 0.18033311498495555 0.0635371151429922 0.08183505183796277
0 0.9873719384905499 0.26547980306222413 0.025256123018900213 0.09968693317629622
0 0.8708377559190538 0.19054673652134418 0.082812242124092 0.08326085080120356
0 0.9553241972845417 0.23272538312824254 0.08749974212409199 0.08367095391148131
0 0.18317877500484916 0.1138007854381022 0.09477010818516848 0.09671775805851834
0 0.146220780005819 0.14299956135708358 0.05548446757828503 0.07156193317629622
0 0.22117336939505616 0.021417087276064995 0.06422173879011232 0.04283417455212999
0 0.2324137583349497 0.02333125605550946 0.04575878121376693 0.04666251211101892
0 0.20852971924527494 0.05807846573967632 0.059661784547746934 0.06572203628657398
0 0.20066942182065048 0.04853737040509297 0.07538237939699588 0.08726484561740727
0 0.9603788748550681 0.3266025222422703 0.07924225028986384 0.12818237153638865
0 0.8548935047111058 0.30367145310949234 0.10816292848861053 0.10874886635259244
0 0.7299892284983086 0.2965020850134736 0.11205320303441742 0.1183972684261109
0 0.809915715621431 0.3406533347306496 0.11259533697334101 0.1060339694628702
0 0.6819186481929271 0.2377613635243531 0.07566942182065048 0.07177654665416658
0 0.769880775922933 0.30324080909449214 0.08683006242753386 0.09447175287472209
0 0.6592782447091661 0.2688548301125012 0.10778029121570665 0.10406136635259244
0 0.9079546028943346 0.3367970199331961 0.0926974251546305 0.09033105702175907
0 0.9586010285683499 0.37698323105472403 0.08279794286330003 0.10236216531583313
0 0.9505891577358249 0.4221002414223166 0.09882168452835031 0.10460817049962938
0 0.895693590017457 0.3890136308191683 0.12260806576151388 0.11466667568342573
0 0.9920591806146423 0.41874150409898336 0.015881638770715512 0.09996033524981467
0 0.9791923898579775 0.4716026639481963 0.04161522028404505 0.10880765494824055
0 0.9592544749348078 0.5179595455693535 0.08149105013038457 0.07857335080120365
0 0.9537857894037847 0.4830083471244924 0.09242842119243058 0.0857802580585183
0 0.9137258550203665 0.4653321230434739 0.09062474212409236 0.08394435598499986
0 0.856041029715955 0.43339790933004785 0.10880065727678315 0.11656136635259244
0 0.8022944053199289 0.38223524198796444 0.1276782030344176 0.11976427879370348
0 0.6499668886500295 0.30901093840657523 0.12066292848861018 0.10984247464666641
0 0.6978460213810053 0.4039625619692142 0.12598815727678278 0.1180650777569443
0 0.7826035297159549 0.4398228580577329 0.1330034318225902 0.12798688190398125
0 0.64290355880369 0.3670674461822697 0.16058629788366652 0.1428107995288886
0 0.9044622963858544 0.5157128318559275 0.10883260818516867 0.09794806738935158
0 0.9340380971444588 0.5406643137126406 0.07228933030538158 0.06837814458064813
0 0.8835437606301596 0.5679000484440756 0.0800698793969957 0.08767494872768503
0 0.8414362668390772 0.4858195717711589 0.0763071506088231 0.07958904665416658
0 0.8609354369927379 0.541552161921946 0.08514001666989941 0.09277255183796278
0 0.7930465642637018 0.5002819044290755 0.16680434697528082 0.16197090263916641
0 0.7060250542617621 0.4559645593773161 0.1430161606107628 0.13661958812453676
0 0.6050526145632642 0.42388337417476957 0.2002226248550681 0.19126742337435157
0 0.5086561045613245 0.38038623534356575 0.14403652667183914 0.14911958812453677
0 0.824391901237043 0.5951063888776866 0.0845022878817268 0.08496005183796278
0 0.3940677039525014 0.316449457398334 0.09400483363936134 0.0873427580585183
0 0.47166667440572435 0.27425310400523234 0.12716802000387925 0.11351427879370349
0 0.3371478953179893 0.37099954783194505 0.13689370636839734 0.13763528397749977
0 0.3510985671386397 0.43587269212976915 0.09751247091226496 0.09230366013203692
0 0.7649532572961796 0.5609651262010199 0.11728283697334127 0.10644407257314796
0 0.7980044865433942 0.6863267111680107 0.09320760818516849 0.09658105702175916
0 0.8178069324508099 0.6397449456166218 0.044196281213767105 0.0473042269557407
0 0.8033777706320991 0.6268444044290755 0.05239141848667046 0.052675232139537086
0 0.7802751104803782 0.6233578194620847 0.07085437606301603 0.06980394354388864
0 0.6992964353257479 0.5470386187081494 0.21868558243141328 0.20839613477870333
0 0.41428422228939077 0.40988709910425997 0.1489791181871082 0.1526546912348145
0 0.5046538728982138 0.4759427431192601 0.19684253333979881 0.187869021300833
0 0.5870197048705853 0.5403381423180565 0.15248675546001172 0.15761559330833314
0 0.7615727789670489 0.6737774844950939 0.08514001666989941 0.09277255183796278
0 0.7573158426025308 0.6505450360502328 0.08877519970043757 0.09929595391148141
0 0.6860149274498402 0.6253098816676401 0.1682712521260319 0.14193180471268488
0 0.6047171300252157 0.6221937350607417 0.12468074879205204 0.12105337672018486
0 0.42413706759768177 0.5498675501410192 0.20647262485506804 0.1918142275213885
0 0.34126079471886445 0.5563314550892599 0.13692565727678296 0.11902198501425901
0 0.679015370482318 0.6841476394433345 0.17161939273291543 0.1639435057494442
0 0.5674879391187698 0.6962655135716214 0.17860271637033698 0.19247860885972196
0 0.4909097215404847 0.6352979107441674 0.2012110400077587 0.22238072233759212
0 0.592312338060603 0.7594005006121306 0.12270366061076281 0.1348424746466664
0 0.5275002810930808 0.8232961967479175 0.15873675546001173 0.15816239745537003
0 0.5069487939699584 0.7739503076338897 0.12882611485312837 0.13382677879370347
0 0.4311358509374806 0.7223577048064358 0.15404925546001175 0.15775229434509228
0 0.3741844782084445 0.6801305400562507 0.1151782030344175 0.11867067049962934
0 0.42934982351673534 0.8161466610269914 0.1528693927329154 0.16230309330833315
0 0.3535527270004965 0.7936653597546764 0.14362193849054988 0.16304538708777744
0 0.3228291433611352 0.716096725824445 0.15420875212603188 0.1407014953818516
0 0.3238975647227437 0.6617120221957876 0.11297797424624481 0.1107214694628702
0 0.38150328638391473 0.5095350760600007 0.09087983363936125 0.08706935598499985
0 0.37273380638779396 0.6141637874643525 0.09569487939699588 0.08904195909527761