0 0.9732206073509275 0.5961530243479088 0.019460705331134066 0.07862510517284953
0 0.9013766995916533 0.6240028911992408 0.08039820533113406 0.08039820533113406
0 0.9548714241231172 0.5560963256806923 0.0586141335443795 0.08288670783841656
0 0.275687411653212 0.9341487133151999 0.09326191818411544 0.09326191818411544
0 0.22591473218632535 0.9277910647271256 0.07879024122451135 0.0787902412245117
0 0.19075012199891092 0.9022742391794474 0.06592652837152993 0.06592652837152997
0 0.34762459613466345 0.9835744003039337 0.04406824874635875 0.01221049498543536
0 0.3144854872008903 0.9689268785963214 0.05904003087881238 0.0438696719450391
0 0.3019627551475789 0.9700718414493028 0.09024456677218975 0.04321645407749273
0 0.9507726090002802 0.4555196641604944 0.07426787727617316 0.13798338479802066
0 0.8535506165221275 0.523917974664478 0.10451766693047446 0.10451766693047429
0 0.7373429433234471 0.574134586501245 0.11099498746358769 0.11251202335696497
0 0.8002126678549111 0.5059552363429605 0.10612563103709709 0.106125631037097
0 0.7087118264721152 0.6460012263138306 0.07231292069139812 0.07079588479802065
0 0.773803280549608 0.5551201620489233 0.08843802586424747 0.08843802586424747
0 0.6788795739648327 0.6250127763929729 0.10290970282385156 0.10290970282385174
0 0.8939770397208079 0.47590637199891095 0.0900005258642473 0.08848348997087001
0 0.9386279616658474 0.41684360906678714 0.09973923871722903 0.10125627461060627
0 0.9162816002247915 0.3800255706661274 0.10612563103709718 0.106125631037097
0 0.8671477667595544 0.43219347591811913 0.1157279515702104 0.11421091567683309
0 0.9661368477175092 0.35671845130751295 0.04817673871722903 0.09975595909205781
0 0.9470746106496328 0.3143407346936078 0.08902905925034225 0.10875052586424747
0 0.9812366619824164 0.2938320064012202 0.019704746239076344 0.03335806927947225
0 0.8900122684089071 0.290241656638647 0.07874477711788863 0.07722774122451134
0 0.8952620580632082 0.3244348002121563 0.08683006175762457 0.08683006175762475
0 0.8623669900373772 0.3550543143979213 0.08522209765100222 0.08522209765100204
0 0.8172303347853853 0.4039835593833564 0.10934155925034225 0.10934155925034231
0 0.7809685743605441 0.46982751972905534 0.1205973079967011 0.1205973079967011
0 0.6587860343105316 0.591251541832379 0.11251202335696497 0.11099498746358769
0 0.67665314740094 0.4869133828194636 0.11898934389007856 0.11898934389007838
0 0.7463949975592244 0.42399819418137696 0.1270291644231918 0.1270291644231918
0 0.6352863498290802 0.540416467538342 0.14788723370266404 0.14637019780928676
0 0.8386399850228121 0.3120317401038841 0.10125627461060631 0.09973923871722885
0 0.8599072312618885 0.2786282067177893 0.0691424565847754 0.06914245658477532
0 0.8031487659016247 0.2709126466095172 0.08044366943775678 0.08196070533113406
0 0.7888158297708204 0.3610973774091873 0.07557431301126609 0.07557431301126609
0 0.7904980017158596 0.3032848774091873 0.08683006175762494 0.08683006175762475
0 0.7379891156641978 0.36413746087442445 0.16079641066226813 0.16079641066226813
0 0.6695369808661771 0.43638218540588836 0.1350689849563052 0.1350689849563052
0 0.5825848986545813 0.5005787292168244 0.18973976458147632 0.18973976458147632
0 0.5047350318032493 0.5738774883880244 0.1431088054894186 0.1431088054894186
0 0.7408533543814266 0.26569996087442443 0.08200616943775678 0.08200616943775678
0 0.41597875719264304 0.6732530142522719 0.08839256175762475 0.08687552586424747
0 0.5014843481797275 0.6855962383880245 0.11733591567683313 0.11581887978345584
0 0.3466210034317193 0.6424863990502926 0.13185305674305994 0.13185305674305994
0 0.3407179959098719 0.577088719583406 0.09165395407749281 0.09165395407749273
0 0.6932365568095669 0.3193849020197935 0.10934155925034225 0.10934155925034225
0 0.689174845605938 0.19070597255290692 0.09165395407749273 0.09165395407749281
0 0.7208962070469938 0.22725122631383057 0.04502299498543501 0.04502299498543501
0 0.7110438339274555 0.24393026095356668 0.04984688730530316 0.04984688730530316
0 0.6911716031277855 0.2562173122863502 0.06753449247815269 0.0675344924781526
0 0.6368130605704906 0.3538113778048987 0.20742736975432585 0.20742736975432585
0 0.40696512153669245 0.5806252450519421 0.1479326978092867 0.14793269780928675
0 0.47368727177411935 0.48735496668041217 0.18808633636823108 0.18656930047485365
0 0.5324377976383668 0.3997807588419956 0.151148626022532 0.151148626022532
0 0.6588053840065978 0.21500729057873783 0.08683006175762475 0.08683006175762478
0 0.6604671724072576 0.23837659441880382 0.09009145407749272 0.09160848997087016
0 0.6005322312618885 0.28617524841715436 0.1526656619159093 0.14963159012915472
0 0.5254496632360576 0.3180222934817317 0.11898934389007838 0.11898934389007838
0 0.3765000347062431 0.447250455397641 0.19451819279472177 0.19300115690134448
0 0.29698001926683687 0.47064014278208643 0.12376777210332382 0.12225073620994653
0 0.577813796780437 0.23531744206980593 0.16240437476889086 0.16240437476889075
0 0.47010058518109676 0.2618692333734596 0.1785294799417402 0.18004651583511758
0 0.41461145163671737 0.3446650129986307 0.20425690564770313 0.2057739415410805
0 0.47437655971256076 0.19539478721352554 0.12385870031656906 0.12537573620994644
0 0.39504441237812776 0.15867368870459364 0.15431909012915473 0.15280205423577736
0 0.3896151148062679 0.21113109897115034 0.1270291644231918 0.1270291644231918
0 0.33439876590162465 0.2845518785963215 0.151148626022532 0.151148626022532
0 0.2920688619032741 0.3443276953685112 0.1125574874635877 0.1125574874635877
0 0.30484530971256074 0.20032764278208645 0.1527565901291547 0.1527565901291547
0 0.24026833267381428 0.24670018910030503 0.14797816191590932 0.14949519780928666
0 0.23397521707612357 0.3288450993668618 0.1446713054894186 0.14315426959604133
0 0.24968513361088643 0.37912624419401225 0.10929609514371963 0.10777905925034226
0 0.3484599512410059 0.4988045952102267 0.08683006175762475 0.08683006175762494
0 0.30978154763836685 0.4062593940357277 0.09000052586424748 0.08848348997087019