0 0.765625 0.810757917483984 0.115625 0.1284582110077853
0 0.7359375 0.7277754038468498 0.125 0.13887374163003816
0 0.78359375 0.671346017843302 0.1109375 0.12325044569665877
0 0.74140625 0.671351130043164 0.1203125 0.13522847631891183
0 0.734375 0.6244769820764743 0.1015625 0.11283491507440609
0 0.73359375 0.5697027711912866 0.0609375 0.06770094904464372
0 0.69765625 0.5321203204726507 0.08125 0.09026793205952473
0 0.646875 0.46164036293544763 0.1203125 0.1336659763189118
0 0.59375 0.4573065227426814 0.125 0.13887374163003816
0 0.56953125 0.4288372353018615 0.090625 0.09912096268177777
0 0.65234375 0.5325598391317617 0.1203125 0.1336659763189118
0 0.60234375 0.5738853424797465 0.115625 0.1268957110077853
0 0.53828125 0.5925562998943519 0.1375 0.15119861579304192
0 0.5765625 0.8499301332685512 0.10625 0.11804268038553252
0 0.62109375 0.7767476537242523 0.128125 0.14078308517078925
0 0.64375 0.8003560193946967 0.08125 0.08870543205952472
0 0.64921875 0.6790879955910109 0.165625 0.1840077076598007
0 0.6765625 0.6196228765725816 0.1453125 0.16144072464491935
0 0.540625 0.7256289325499152 0.115625 0.13002071100778528
0 0.47890625 0.7687787726200839 0.109375 0.12151452392628351
0 0.39296875 0.8178343252494326 0.1546875 0.1687312552671724
0 0.3734375 0.714104053119739 0.11875 0.13193005454853618
0 0.42421875 0.6877090106569421 0.0984375 0.10936307153365518
0 0.48515625 0.6679099597015857 0.1046875 0.11474425861515698
0 0.5421875 0.6679898543202907 0.0875 0.09564911914102688
0 0.49453125 0.8634817403238386 0.1203125 0.13366597631891172
0 0.52421875 0.8042767539609728 0.1015625 0.11283491507440609
0 0.596875 0.6310908662834324 0.0921875 0.10085688445215304
0 0.5921875 0.6961956009723058 0.11875 0.13193005454853618
0 0.59375 0.5252752727426814 0.084375 0.0937397756002758
0 0.2984375 0.7331235581417161 0.0765625 0.08506016674839838
0 0.23359375 0.6993640546711338 0.084375 0.0937397756002758
0 0.309375 0.5741812605343446 0.1453125 0.15987822464491935
0 0.25703125 0.596496631226766 0.10625 0.11804268038553242
0 0.2546875 0.6446739985712029 0.059375 0.0644025272742681
0 0.29375 0.6779157928305898 0.1078125 0.12134110215590788
0 0.340625 0.619837195941854 0.05 0.055549496652015404
0 0.3703125 0.6489134595789882 0.0984375 0.10936307153365502
0 0.4171875 0.6088036126902525 0.1234375 0.13870031985966272
0 0.4890625 0.5620935141275245 0.146875 0.16317664641529497
0 0.43671875 0.517221384819946 0.0921875 0.10241938445215322
0 0.48046875 0.44082719439045925 0.15 0.16664848995604586
0 0.540625 0.5271914325499152 0.0765625 0.08506016674839838
0 0.51171875 0.46929562979796885 0.084375 0.0937397756002758
0 0.52109375 0.4047111604202217 0.1375 0.15432361579304193
0 0.5515625 0.4034053849425435 0.0375 0.041662122489011466
0 0.47890625 0.3234662726200838 0.13125 0.14425492871154014
0 0.37734375 0.5559438575456778 0.0984375 0.10936307153365518
0 0.3734375 0.500822803119739 0.0890625 0.09894754091140215
0 0.41953125 0.4692199953458157 0.08125 0.09026793205952473
0 0.3796875 0.423391490201241 0.115625 0.1284582110077853
0 0.32734375 0.5183631108936625 0.0859375 0.09547569737065124
0 0.2421875 0.558130374408199 0.0734375 0.08158832320764749
0 0.2578125 0.5364270921119537 0.0984375 0.10936307153365518
0 0.2453125 0.50535221794895 0.140625 0.1546704593337928
0 0.3125 0.45734060407509547 0.090625 0.09912096268177777
0 0.403125 0.34708656675687316 0.10625 0.11648018038553243
0 0.4328125 0.2980378303940072 0.078125 0.08523358851877383
0 0.44765625 0.2770290872125743 0.0984375 0.1093630715336551
0 0.19765625 0.48209410395249785 0.0640625 0.07117279258539462
0 0.21640625 0.4248001651970036 0.178125 0.19789508182280433
0 0.23359375 0.3587390546711339 0.1484375 0.1649125681856704
0 0.16171875 0.3515429032338619 0.06875 0.07638055789652096
0 0.2890625 0.28598927751946335 0.1515625 0.16838441172642132
0 0.31875 0.38928429115659735 0.1015625 0.11283491507440609
0 0.38125 0.2727836619716165 0.171875 0.1893888947413025
0 0.32109375 0.22626317381216063 0.140625 0.15779545933379296
0 0.2796875 0.19510499689721045 0.0859375 0.09391319737065125
0 0.3625 0.20273385072711073 0.0546875 0.060757261963141726
0 0.2796875 0.16072999689721046 0.1015625 0.11283491507440599
0 0.2265625 0.25483365670444424 0.1734375 0.19268731651167798
0 0.07890625 0.3040702994039616 0.090625 0.10224596268177769
0 0.13046875 0.28791821782635235 0.1578125 0.1753280988079232
0 0.10546875 0.23358096950034474 0.08125 0.09026793205952481
0 0.15859375 0.22619605969311096 0.134375 0.14928927225229102
0 0.2109375 0.16559943900068946 0.1171875 0.13019413277816083
0 0.2453125 0.14753971794894996 0.090625 0.10068346268177768
0 0.16015625 0.17715073146348642 0.0828125 0.0904413538299003
0 0.44140625 0.3935229001310724 0.125 0.13887374163003816