0 0.4759250363330567 0.6854404044990513 0.2069908767201849 0.1386363872367614
0 0.8153682451455104 0.7116985619336451 0.1601746653158333 0.11615261557115755
0 0.7448499850607417 0.6426847541480664 0.18984162441111074 0.20777193637524222
0 0.5916764669174548 0.6524047036056262 0.151834485014259 0.14456170516911512
0 0.6634250363330567 0.7073560113912049 0.09447175287472191 0.08991478321633828
0 0.35447997181842716 0.6933442051053034 0.04865211347787035 0.025791401723038378
0 0.27626678892495493 0.6581575071474207 0.22960817049962942 0.1320008380982806
0 0.6757288381710196 0.6298702165922261 0.1075964694628702 0.1161931936183807
0 0.5443421371342604 0.6160917917677186 0.20929567049962933 0.12962664735163046
0 0.3563247272850473 0.6091112499042822 0.20060417568342573 0.13634336700702293
0 0.20432272987694552 0.5873985693044074 0.11431536116879608 0.1046063439055537
0 0.4522810677186584 0.5587662932354898 0.13865097983046265 0.13528816470963836
0 0.37481017860463056 0.5331372253350418 0.1386509798304628 0.13528816470963836
0 0.3096540703105565 0.5381493929802226 0.08611244872768502 0.08275163292916528
0 0.24669544905699176 0.56314938576899 0.15761559330833305 0.15760959534141908
0 0.2776419441560194 0.4981027166879438 0.12204994872768501 0.08695212425016141
0 0.2896921762955563 0.45057836697511694 0.08148373732333321 0.06519887281429604
0 0.367104276813936 0.45883730481813034 0.13681507775694418 0.13198053465220366
0 0.298216867247547 0.38922487708998615 0.1520887632423146 0.11211446528398436
0 0.3798960942032876 0.35773137996171683 0.12994036116879615 0.10643264447989989
0 0.3773759784163431 0.3053470447032611 0.09841695909527762 0.09965504333120752
0 0.4551489553720837 0.27339697243140526 0.10779195909527761 0.10075082367581523
0 0.44664338826555594 0.2984477022016668 0.08542894354388864 0.07493913292916528
0 0.5200220996699079 0.28966118484365894 0.04662072177194432 0.03792614160816914
0 0.4042618156924081 0.4039874709955399 0.10378796427907382 0.10801543350351146
0 0.48849940612601905 0.35227278889598784 0.13138528397749988 0.14062501442246528
0 0.5651493804898615 0.3241376515954147 0.08986216531583313 0.10793426298659989
0 0.5076315319977323 0.46737019495852816 0.1305842016024071 0.16682225430759612
0 0.46439894184694525 0.4473214883216417 0.13302569641861087 0.15937501442246518
0 0.6030014035341209 0.3696023481174319 0.14702940782296264 0.17802355488194213
0 0.5563615579167136 0.4336039666241319 0.049413531102777596 0.05217127166560367
0 0.6612534009422228 0.38035722527122995 0.10044835080120365 0.08752030344607684
0 0.6606375377471764 0.32424927007020876 0.04269463939685174 0.06375812137843066
0 0.6495743156924081 0.4326603900127742 0.15663956220555536 0.11109985545628831
0 0.5769577304425934 0.47784098251436846 0.07701085080120365 0.08478085258455756
0 0.6098584133360656 0.5077314088066472 0.19322090263916641 0.17568995660498068
0 0.727621403251297 0.46072452294193944 0.09996033524981485 0.06426543350351147
0 0.7085200887366675 0.4805905923101587 0.07367123732333311 0.06428572252712303
0 0.7668602690382416 0.5174006645501087 0.08476456220555537 0.10269887281429604
0 0.7205812998581953 0.5411932729419394 0.13185417568342572 0.1283076444798997
0 0.8271833229024546 0.5946936919910797 0.0982802580585183 0.09809254333120769
0 0.9015203586233808 0.7012480850351143 0.08605366013203693 0.09975650287173074
0 0.9070567506121308 0.6379668350351142 0.10441268086722175 0.13283280344607676
0 0.8484035034868527 0.5506088726228604 0.14347518086722183 0.13739855488194214
0 0.9227582459939822 0.49458209514998347 0.09035018086722175 0.1311891329291653
0 0.8318304496226396 0.4784294867900586 0.13556564458064813 0.08234579476707289
0 0.8430611840712509 0.5034193422782527 0.0712885311027776 0.0547280924696885
0 0.9082151667764355 0.30898955903000846 0.10054538708777763 0.14165991327377297
0 0.8504224991515283 0.32906869199107974 0.11970549019805513 0.1485389739629884
0 0.7884310556076394 0.3881190099234336 0.14849487153638866 0.1240665751116806
0 0.9397626524028253 0.7151888364709796 0.022323350801203644 0.07838880057434601
0 0.9397803591890286 0.5526076659540681 0.05564299019805539 0.14105114160816914
0 0.9264969836001395 0.3616376948628104 0.06636587672018521 0.12219968206764609
0 0.9147987745048617 0.4502436197192239 0.08433533524981485 0.062439132929165274
0 0.9312924988687044 0.4150772252074181 0.048261134213055355 0.05667614160816914