0 0.53203125 0.9711382395163788 0.1109375 0.057723520967242335
0 0.5875 0.956692562545227 0.1171875 0.08661487490954585
0 0.6046875 0.9381378502131383 0.1109375 0.12372429957372333
0 0.39765625 0.9966792653544909 0.1046875 0.0066414692910182534
0 0.3328125 0.9715290631730891 0.0375 0.05694187365382177
0 0.3859375 0.945695229993554 0.1453125 0.10860954001289187
0 0.47109375 0.9367633388447338 0.1515625 0.1264733223105324
0 0.64140625 0.9019665807965476 0.121875 0.12578095201493475
0 0.696875 0.8211521422905242 0.1 0.13689879396097204
0 0.53515625 0.8790702059630148 0.084375 0.0926079667795701
0 0.428125 0.8521624147704119 0.1125 0.15733145570609358
0 0.4765625 0.8391514790327577 0.0546875 0.12142414513490643
0 0.540625 0.8298063704765054 0.1203125 0.18025811929679456
0 0.6328125 0.8211222508467765 0.1203125 0.13338311929679456
0 0.575 0.7578711902755895 0.059375 0.07986764328932719
0 0.715625 0.7494573849082066 0.140625 0.13299244463261709
0 0.72265625 0.7074351321398373 0.165625 0.19260776812286
0 0.53359375 0.7444848732448746 0.0390625 0.03650831795350484
0 0.3703125 0.7990676041992248 0.121875 0.12578095201493475
0 0.3734375 0.8377695196355053 0.0453125 0.04672464882606562
0 0.31328125 0.8492029599871078 0.0640625 0.06174864144374794
0 0.265625 0.8115378120838322 0.1125 0.12295645570609359
0 0.1828125 0.8261714280224022 0.1109375 0.1618086229879534
0 0.14765625 0.7659701918642479 0.0609375 0.11445297600746737
0 0.6 0.7096740137658326 0.1234375 0.18849128473307494
0 0.50234375 0.7152782188820708 0.0984375 0.09762596124283185
0 0.6234375 0.5987665045379353 0.1296875 0.15808261560563572
0 0.22421875 0.7294014950531171 0.1296875 0.17995761560563572
0 0.14140625 0.6620038609916871 0.1078125 0.12232545755167301
0 0.1703125 0.5987075162772806 0.084375 0.1379204667795701
0 0.23828125 0.6187944895163788 0.1203125 0.17869561929679456
0 0.1984375 0.5313997552038041 0.025 0.0221153234902431
0 0.29765625 0.567412132805706 0.1453125 0.18518594278703765
0 0.546875 0.5423664513490662 0.0875 0.09302863221585049
0 0.521875 0.5085323778588231 0.034375 0.024939819799084263
0 0.4578125 0.5616274864150753 0.1140625 0.14191678842423378
0 0.47578125 0.6734213126736875 0.178125 0.18022792986798156
0 0.40078125 0.6758253422029584 0.121875 0.14140595201493475
0 0.321875 0.680828539936879 0.103125 0.11388195939725243
0 0.36796875 0.5339083551220145 0.1015625 0.09960912667911223
0 0.3984375 0.5950410931257482 0.0984375 0.12418846124283185
0 0.509375 0.5896622161137016 0.0578125 0.04840731057118699
0 0.56484375 0.6229102776076784 0.0453125 0.04828714882606544
0 0.4421875 0.4728054092336735 0.115625 0.08275212114237399
0 0.44609375 0.759268741029024 0.071875 0.05186280503444873
0 0.73359375 0.9182824611668188 0.0421875 0.05567898338978523
0 0.734375 0.944168877525889 0.0328125 0.030979487080944067
0 0.76796875 0.9291597809659029 0.0390625 0.039633317953504846
0 0.80078125 0.9281080180468468 0.0265625 0.028575656208383295
0 0.79921875 0.9044601853287066 0.0375 0.040985485235364646
0 0.76640625 0.8992619482477625 0.0546875 0.04486164513490678
0 0.79609375 0.8813832698924262 0.03125 0.027644154362803874
0 0.71015625 0.8995024703947159 0.0375 0.03942298523536465
0 0.6953125 0.8732855595723841 0.028125 0.027223488926523487
0 0.6828125 0.8848841478272625 0.0234375 0.021904990772102905
0 0.7625 0.8698298664524122 0.0453125 0.035787148826065616
0 0.78828125 0.8568941063017252 0.0328125 0.03722948708094407
0 0.7890625 0.8296555226607953 0.0484375 0.03933281426234601
0 0.790625 0.8009596053789355 0.075 0.05072097047072921
0 0.809375 0.7495773479966179 0.0234375 0.020342490772102907
0 0.75625 0.8330510355798516 0.046875 0.05318498154420581
0 0.8234375 0.6491265924598796 0.040625 0.04296865067164486
0 0.85234375 0.625673997745473 0.0390625 0.039633317953504665
0 0.8171875 0.6170352615873188 0.0265625 0.030138156208383293
0 0.80546875 0.5967077662012674 0.0328125 0.03566698708094407
0 0.9859375 0.6030324451464593 0.028125 0.04441098892652349