0 0.4223813201574481 0.02320863501340787 0.11663764031489628 0.04641727002681574
0 0.4916099473261825 0.06116763891024294 0.14306167537132772 0.12233527782048588
0 0.5761224122474585 0.04536250443947546 0.12571001748363067 0.09072500887895092
0 0.554548035034139 0.06986529571517737 0.13505732449491709 0.13973059143035474
0 0.6029163025623548 0.09730850862684938 0.11518391222516584 0.11803944183801278
0 0.6640861928995436 0.12060961481136516 0.07173653505643145 0.06697968639013113
0 0.6856447235739213 0.1742591386965787 0.0974762455733611 0.08736859604505716
0 0.7375068463383091 0.2565199816395427 0.14700946485439842 0.1249121547112475
0 0.7160007015744814 0.312392923225454 0.1444323244949171 0.14177187278026224
0 0.7347635480465456 0.34969082743249835 0.11329309644977173 0.09002370248167449
0 0.6635768726752179 0.21913994996065905 0.14857196485439844 0.12502141535490924
0 0.5929073638888175 0.25323608053459146 0.15153280696670138 0.1112866972858944
0 0.5400552936867842 0.31051298499373736 0.1733524209892739 0.13759782500983525
0 0.2773397499108299 0.16026088476130634 0.1288627104723444 0.11589778763096836
0 0.37960142096698135 0.14601843227963182 0.15715186836004147 0.1318177185732179
0 0.36610162712414934 0.11308024614160224 0.10432949119130708 0.08010239926336585
0 0.5003520086749378 0.16042550368317082 0.19434924552877603 0.18244043144645258
0 0.5795460349895539 0.1572515911782532 0.17173453501184638 0.16227004307885004
0 0.39558042968650414 0.2504874109923083 0.13272742098927387 0.13475704827463011
0 0.3182495261585685 0.2945048447845494 0.1362915087195228 0.11331909084927708
0 0.22251078490038384 0.36187229726622394 0.20635677186568468 0.14145479852673165
0 0.3248940743388693 0.4256291586465199 0.13604427186568468 0.13653806956195358
0 0.37917117961962654 0.38637563450920476 0.12009095609029038 0.10753898441265974
0 0.4316257015744814 0.33227836037188974 0.1265328069667012 0.10953852698730664
0 0.45987532002369297 0.2735699958895007 0.10997624557336091 0.08824268119435104
0 0.22229424110213697 0.23817807115143746 0.14583066660721988 0.12792789406758578
0 0.30129641654034234 0.23344165864651983 0.1175415087195228 0.11200796312533627
0 0.5283108507426556 0.23411437595923 0.1209137455733611 0.0890075056999832
0 0.4545450349672614 0.2109061049240081 0.14681761397798762 0.12334965471124748
0 0.6414674822934441 0.282934652190232 0.1037262455733611 0.08780563861970406
0 0.26713496027171163 0.4942806056803127 0.09358384206771789 0.08090007475773361
0 0.27154653040686727 0.5751317679331288 0.09824364907900414 0.09361859604505725
0 0.44686199971019713 0.5526290651993527 0.17409213150620334 0.15623856436617345
0 0.39618952162046683 0.5955703180493443 0.1341534560902904 0.10852233020561534
0 0.3411598593507158 0.5773555496120124 0.07253163155078841 0.06083894703379293
0 0.32497415323813283 0.5225423634739829 0.11828121923645227 0.13064870248167448
0 0.4120222190358195 0.4999082567852639 0.06493867541591296 0.04946440445914604
0 0.3958088199345228 0.45770433129089605 0.11540345609029039 0.10721120248167466
0 0.46217453047374485 0.42706098264794895 0.14012852624773853 0.1445690908492771
0 0.5487024296196266 0.3745208546719065 0.18034213150620335 0.15667560694082044
0 0.5716859953727282 0.44619375887895085 0.11543114907900413 0.09482046312533617
0 0.6782376181817013 0.43480315478812204 0.17817638588825738 0.16426958565349703
0 0.6124504603385892 0.33539301667262106 0.09632514031489628 0.07799359604505715
0 0.6625176927657884 0.39020084897192336 0.10098494732618271 0.09071211733238069
0 0.7372704559119502 0.4086123593634835 0.15317638588825738 0.16252141535490933
0 0.7539377892601452 0.3775044709958809 0.04777886840462653 0.03587179802252862
0 0.8051551269235165 0.48660096554799936 0.16633501748363066 0.13091078243518836
0 0.4991385172829979 0.49066466074020687 0.11970725433746879 0.10441398441265974
0 0.5592255348112137 0.5179812775683843 0.10761864907900413 0.09427415990702759
0 0.6166137935976141 0.4848138624655767 0.09903874557336109 0.08747785668871888
0 0.6468481532158403 0.5449483331324816 0.13645566660722003 0.12727233020561535
0 0.5159818549686619 0.5572512272000673 0.10136864907900414 0.09383711733238051
0 0.4306871400250934 0.6262522354979405 0.08733384206771788 0.08046303218308673
0 0.46233468827227175 0.6208873923028749 0.12264040346105816 0.10307000569998319
0 0.48981490317125526 0.645756352326118 0.1756823244949171 0.14395708565349707
0 0.5747664558227801 0.5996301153155683 0.11211429820259333 0.09303944183801285
0 0.7410500874181535 0.5549082051564391 0.1310284560902904 0.1083038089182919
0 0.8114723593507158 0.5444680958698302 0.09651699119130726 0.07955609604505706
0 0.8407761575978941 0.5392671436402573 0.12518985083182566 0.09860102698730663
0 0.4907593110366598 0.704787144900765 0.08209848242719922 0.06305701089576328
0 0.56310009173333 0.709972035614156 0.20876775429288372 0.19893951659574646
0 0.6441167013738486 0.7216418731092384 0.16663564027031122 0.17120800050420293
0 0.6166067934415664 0.7992094982352892 0.08070014031489628 0.07690098960843983
0 0.7520666662951244 0.6959702477310861 0.16896554377595444 0.17756726114786475
0 0.6540010215981743 0.622455974097974 0.12066650871952281 0.11222648441265974
0 0.8123069952835582 0.609022268766308 0.21918508764107889 0.17023536238870207
0 0.8324394908569192 0.6895620745825066 0.15942638588825736 0.16295845792955604
0 0.8463773724077075 0.7453204016860289 0.10117679820259333 0.09227461733238052
0 0.8789861750815249 0.6579407339853311 0.06491098242719887 0.06185514381548422
0 0.8845211574864316 0.760776156881809 0.13026105258464754 0.1020538089182919
0 0.753846710115664 0.7746415509493947 0.21035794728159765 0.18665803788306992
0 0.6262398767228838 0.9033342695226126 0.09193826310157682 0.11796303218308672
0 0.6694974030597927 0.8577596895690988 0.17872424552877603 0.18134782500983526
0 0.7202499600487864 0.9117316415465704 0.10506920170823655 0.09874313861970414
0 0.7536667056890248 0.8566017451331961 0.15123018413543576 0.15928715471124733
0 0.8448267188574793 0.828952356513492 0.13958066660722004 0.12749085149293898
0 0.8815049293967012 0.8003849601001176 0.10975670170823655 0.09907092055068922
0 0.8111221969026244 0.8817385029268661 0.11329309644977173 0.09002370248167466
0 0.7100344777999273 0.49482836481136516 0.15383501748363065 0.1300366972858944