0 0.209838580960973 0.42405741971559474 0.16441239745537006 0.1583597195058133
0 0.4463413004238431 0.3365969989743147 0.1544905933083331 0.15139932448483515
0 0.561174779971482 0.3004720900558895 0.23265384099925884 0.22872068631233428
0 0.45986584966990784 0.2629110452400484 0.1008584539114814 0.08835395020978147
0 0.6190269447216672 0.3583330568624104 0.20029110885972196 0.17815200124939984
0 0.6827675245048617 0.3938337715943389 0.23984162441111073 0.2044310813333124
0 0.5645126253525481 0.96372449357573 0.12587757775694416 0.07255101284854
0 0.6010557180952333 0.9872158267715314 0.06884703628657399 0.025568346456937265
0 0.6646089531094923 0.8800439587318658 0.11370976842611089 0.11105774440092268
0 0.4885851123930574 0.9809469597575511 0.09589755183796278 0.03810608048489783
0 0.49601619505097394 0.952431334757551 0.10351456220555537 0.09513733048489784
0 0.570097535484585 0.8910915543636108 0.21146234618305507 0.21781689127277853
0 0.6410538759181958 0.8436561728390943 0.09814355702175917 0.09280465186945541
0 0.4537405121575017 0.9085265854824973 0.21777113477870333 0.18294682903500536
0 0.40042002252509423 0.9064242468997221 0.13947118605101833 0.13939623195336778
0 0.5986120976901403 0.8074100969043666 0.145584485014259 0.13830732863402
0 0.6801156673885662 0.7837017549975995 0.0930459539114814 0.08776195435896632
0 0.5066002549474551 0.7894278462796668 0.12160018086722194 0.13028134108157463
0 0.5815311958994458 0.7329778593519214 0.151834485014259 0.13878092531467204
0 0.4368345590944922 0.7778498836223307 0.20982193374194402 0.21612559793005204
0 0.3502039919879644 0.7972375784335275 0.14566239745537005 0.15693892946385707
0 0.5544505775206031 0.6829536259486608 0.140896985014259 0.137952131123531
0 0.6433763764838438 0.6912648786479533 0.11370976842611107 0.11105774440092268
0 0.6499298813848162 0.7601808220092574 0.11357306738935158 0.10949524440092269
0 0.61103205966014 0.6384824981491222 0.10677626324231468 0.10277164772027056
0 0.5357388252115289 0.6091842392260525 0.17365069641861092 0.15750761452679143
0 0.2653013116863903 0.760919724904398 0.2008967016024071 0.16733290041956295
0 0.40496798736981604 0.656684356027929 0.17542780989648107 0.17782011452679142
0 0.46442975320402874 0.5613135790582273 0.16937329952888863 0.16183991701630235
0 0.5447904879354638 0.5147121888111339 0.16529139227157366 0.15066561867597628
0 0.5770657457111583 0.5053614222143945 0.18630652130083297 0.1957180095477696
0 0.09627720108324203 0.688343217431221 0.19023260367592562 0.16962910622842173
0 0.21036838685143638 0.6427249093426326 0.20003683063166627 0.21072770290907386
0 0.09705862660201439 0.6218894232400798 0.19411725320402878 0.191007198759889
0 0.13214422497597317 0.5031044570582587 0.12648317049962943 0.11512993776222676
0 0.16858001097972322 0.5270989867272527 0.17052569641861082 0.15727081618646538
0 0.3316445219129636 0.37115940789274005 0.16515469123481452 0.14910311867597628
0 0.3123887995753714 0.555297609552414 0.21579853166842558 0.21347419461070416
0 0.28716533270439937 0.6548356682657023 0.1822834026391664 0.16747461037760658
0 0.32071800089495456 0.478072258722577 0.12023317049962942 0.11465634108157463
0 0.398480707398334 0.39824397137991313 0.12234247464666641 0.12102474025173766
0 0.3987452560787509 0.47612051764564667 0.195134717153796 0.1901784045687478
0 0.5157953465123619 0.4236485583123029 0.1959549233743516 0.1995534045687478
0 0.04394903228055618 0.33363056141258063 0.07660074769092579 0.0772029626573361
0 0.05647771804875053 0.28031630726339574 0.07986244872768504 0.07900226099766208
0 0.1728744061260191 0.30722419461070405 0.09460845391148132 0.08788035352912935
0 0.005764110037500405 0.4573039371375269 0.01152822007500081 0.07085787427505377
0 0.021858001743426357 0.5093875780093201 0.043716003486852714 0.12502515601864025
0 0.0377317904804865 0.4493147609976621 0.075463580960973 0.08224566016782511
0 0.01462240871791722 0.6233316788391571 0.02924481743583444 0.0935383576783142
0 0.056073991705140505 0.8512333811235309 0.04880793836009247 0.061127676764564855
0 0.08897927681393597 0.4211906836130419 0.08142494872768505 0.07912066016782511
0 0.03306341432594939 0.3848611746899723 0.06612682865189878 0.1025348493799445
0 0.14012140325129702 0.38495810830301413 0.09175685598499986 0.0907685551888033
0 0.09977795018828747 0.23483878651747134 0.07109304147037025 0.06747276514684701
0 0.12197628746435248 0.3316788203356503 0.06640554147037023 0.06711756763635793
0 0.0824845605086118 0.3695806394219008 0.08978425287472207 0.08596265601864025
0 0.12023742167740792 0.2796427236549982 0.12376827360990719 0.1195806394219007
0 0.1511028191792608 0.8167534825780679 0.06443293836009252 0.062311668466194806