0 0.8236262349824663 0.28089017944712563 0.0350841120127086 0.04444027894826057
0 0.7879926980508354 0.24964443961367738 0.14809440097293472 0.17550322464491944
0 0.7267182329538715 0.17890520145422154 0.09519549756436803 0.09321780622252866
0 0.6500602755675452 0.1649387847058231 0.0921250446422686 0.09599596268177768
0 0.7063472317360555 0.21797025755415253 0.12411143019392804 0.14165189808928724
0 0.6147773405023533 0.19845008398718716 0.1416807597392326 0.1654345375634175
0 0.5718767743497292 0.1975872353018615 0.09708528003177222 0.11214122799290412
0 0.7668949939109201 0.29174778482842073 0.15272735389503395 0.17289848995604587
0 0.7629847897710047 0.3357587695172943 0.1397909772718286 0.14651111579304193
0 0.6691432865245938 0.27544017417995337 0.1590046274339844 0.17515467703754775
0 0.722396745939515 0.37803809260234417 0.168434174511885 0.1793202076598006
0 0.7687768680984935 0.3995602848284207 0.12063187418757355 0.12099255454853619
0 0.6346006911509765 0.3066944343465051 0.1625114569792892 0.19737652057829874
0 0.5702381822225228 0.28239664176111057 0.14456029788867966 0.15171888110416845
0 0.6851518904196279 0.43316425922814494 0.10021028003177221 0.11248807153365514
0 0.6293013108743231 0.4051327863798154 0.1049523271096728 0.11613333684478153
0 0.5199751294625792 0.3064479342239076 0.16371940097293472 0.17723744234867417
0 0.5220206448838547 0.4236354342239076 0.10662392126547413 0.12255675861515698
0 0.5669143591700397 0.3600013764499841 0.12397506249917604 0.13383939808928727
0 0.5377177828711458 0.38483136281285 0.028561376623205348 0.0281215918667586
0 0.4919376785690748 0.39768417058677347 0.04306025324641087 0.0546823878001379
0 0.6057604452081662 0.48595178805380784 0.1479307597392328 0.16612822464491933
0 0.7384405316533299 0.44843559942091116 0.05876707386326192 0.06110410550389265
0 0.7223206538123085 0.46302092083196855 0.053970479707460585 0.054333840192766304
0 0.7493195304355138 0.4909690909283517 0.03659206493480802 0.04148870071863584
0 0.7428746615229462 0.5237824429616621 0.054134120941162676 0.0637088401927663
0 0.6998240909060952 0.5143258442763365 0.10190914772652385 0.12047399330403046
0 0.6878189687471166 0.4966189309985204 0.1162171095770768 0.13609728923741002
0 0.7153087690714282 0.5526921010949035 0.09355117694751698 0.08835688445215321
0 0.6651587646072012 0.5385488544428882 0.033385244317957155 0.03645435717788494
0 0.6331138778377261 0.534212458150191 0.06671594155801355 0.06978371435577006
0 0.6470633295420095 0.5739677931983825 0.03985343262955983 0.04964804425938709
0 0.5931434427725343 0.5672034921204285 0.11928756249917605 0.13331913277816074
0 0.5194917086008469 0.5021081297979688 0.12877165665497756 0.14060966340041361
0 0.5123746838440806 0.5410847709460915 0.10958528003177222 0.11352860215590788
0 0.471044525971287 0.4515062658015168 0.10174550649282174 0.1110989933040305
0 0.4288842995102374 0.4483863780013789 0.14905688311602727 0.1413016464152948
0 0.43136046306507375 0.5009035497717544 0.16048530681713338 0.1706405988079233
0 0.6776820840062363 0.5859432677207044 0.06030230032431163 0.0597150272742681
0 0.6463326724799948 0.621450621428007 0.17616485389503395 0.17549981651167795
0 0.6436576858726755 0.646885027887256 0.06973184740221221 0.06388055789652114
0 0.6447662183400796 0.6657217387724439 0.06663412094116268 0.06509621435577007
0 0.6760707654179802 0.6723151741799533 0.01905000892845372 0.01926856124450573
0 0.676779877430689 0.7129401741799534 0.09878414772652384 0.12012714976327957
0 0.7265440982096958 0.7496529599467809 0.08579322402541756 0.0906147756002758
0 0.7415884456119081 0.8074637558801602 0.10783186525911966 0.10241768038553252
0 0.4882474370904914 0.5883100226200838 0.09535913879807012 0.10259280622252867
0 0.5496213137136968 0.6200734716647275 0.09530459172016936 0.09946780622252867
0 0.3852258027566483 0.49344385754567777 0.10489778003177212 0.11300833684478136
0 0.33163715259449245 0.46098501735291164 0.052380706168510205 0.05259791842239068
0 0.3489843396882792 0.5167121959418541 0.12896257142762996 0.1515471634004136
0 0.2942968396882792 0.5106424339787123 0.15585235389503396 0.17324533349679677
0 0.2183792219935275 0.4944189781155018 0.09870232710967279 0.11543964976327956
0 0.6430497597359374 0.7013991061168806 0.06666139448011296 0.06665871435577006
0 0.6027150860348313 0.6688518509723059 0.09538641233702042 0.10415530622252867
0 0.5310582743464339 0.673374449535034 0.12723643019392802 0.14199874163003834
0 0.4733179123337251 0.626419554916329 0.08425799756436803 0.09200385382990035
0 0.4901332654179802 0.6516779835052715 0.09382391233702041 0.10398188445215321
0 0.42608835632737063 0.6009044018050648 0.07814436525911969 0.09912266674839838
0 0.37755539894104445 0.5900595769234249 0.1592228157455871 0.18765467703754765
0 0.2515968709378673 0.565942874408199 0.16670803327818293 0.16977178588942507
0 0.23431964204118563 0.6482368131636933 0.13176028896022585 0.13314400694116468
0 0.2152559963432567 0.6281870019191875 0.14625916558343127 0.1597048028745439
0 0.30678497726853327 0.645363425486153 0.09207049756436803 0.09287096268177777
0 0.3021207966675683 0.6908501992898388 0.09856595941492108 0.10762714976327956
0 0.323573056813838 0.6690593540750955 0.02379205600635448 0.022913826555632254
0 0.18324193181219037 0.8936428403153638 0.058576159090609536 0.05016660550389247
0 0.1736799711794533 0.8372202705782987 0.09396028003177212 0.11179438445215303
0 0.1541117650109431 0.788264209333793 0.10481595941492108 0.10832083684478136
0 0.22550552393939688 0.8133423998858771 0.10031937418757346 0.11873807153365509
0 0.24295607669934038 0.7856492502451953 0.11301028896022584 0.13106294569665894
0 0.2493248534847016 0.8378187264415093 0.06855117694751697 0.08558213612614551
0 0.2966283218280764 0.9569104577823981 0.08880912986961631 0.08471161914102687
0 0.306488517039538 0.8964056601750265 0.08910913879807011 0.10189911914102652
0 0.3534844736150853 0.7745246959418541 0.14587733603812653 0.13782980287454372
0 0.35686284374546895 0.7000449612529804 0.041197744317957155 0.037321466029762364
0 0.6958259322192275 0.7766532745392714 0.10796823295387145 0.11023018038553242
0 0.5873043202065187 0.7240621723833633 0.15226370373287815 0.14633598995604585
0 0.6477060320570717 0.7448014105428193 0.06526253571381488 0.07586029258539462
0 0.6580492426898088 0.8013106911650721 0.07469208279171564 0.08002582320764731
0 0.6406259634688156 0.8305663408057542 0.08738299756436803 0.09235069737065124
0 0.6685560945562479 0.8671949717873251 0.08091480925276535 0.07915701028914945
0 0.39929975973593734 0.6743453099383061 0.15248189204448098 0.15883598995604586
0 0.5025571732907738 0.7380481858978999 0.11610801542127547 0.12984728923740985
0 0.40841743546563836 0.7946569579049958 0.10659664772652384 0.12099425861515697
0 0.47491123457213397 0.8963852113755781 0.11271028003177222 0.11387544569665878
0 0.4968896002382907 0.8153927879312102 0.14973872158978557 0.18036414641529497
0 0.45910322807931214 0.7948244154421988 0.07499209172016937 0.09721332320764749
0 0.5995509500761349 0.8002761247759917 0.08910913879807011 0.1018991191410266
0 0.5658071956119081 0.7879538067129189 0.052517073863261744 0.06041041842239068
0 0.5551191116023764 0.7563578152054784 0.06674321509696383 0.07134621435577007
0 0.5933379062446452 0.8463707268093021 0.07622730925276536 0.07863674497802293
0 0.5561106416341486 0.8578336043202907 0.06666139448011296 0.0666587143557699
0 0.5648777154974105 0.913388213172168 0.09546823295387145 0.10884280622252866
0 0.6218544184195098 0.9165931077908731 0.12279439204448099 0.1555409763189118
0 0.5271186168773822 0.8943823406831566 0.0954136858759707 0.10571780622252866
0 0.5892970628996228 0.9580844628656742 0.09708528003177222 0.08383107426865166
0 0.8235163299457513 0.8999887270544974 0.058930715096963834 0.07047910550389247
0 0.7991066651730989 0.8863631896136773 0.046157979707460585 0.05346673134088888
0 0.843674871341609 0.9380939991841908 0.06830571509696384 0.07151963612614551
0 0.8533265608710279 0.9103149906916315 0.04607615909060954 0.048779231340888886
0 0.7512691830300063 0.9153621147320375 0.07762616801906326 0.06943516674839856
0 0.7870566785657795 0.9107570654506736 0.06967730032431163 0.06075555789652114
0 0.8442885259679918 0.9732502491841908 0.05550570616851012 0.05294476196314157
0 0.7964277244258643 0.9562421351877386 0.05402502678536116 0.0574588401927663
0 0.7302357085975515 0.9881094340400111 0.05561480032431163 0.023781131919977837
0 0.6953561481269703 0.9688408727955053 0.06205571509696384 0.062318254408989304
0 0.6747805953670267 0.991367482484379 0.038045470779006864 0.017265035031241993