0 0.4061569039624563 0.3051887886393746 0.16277381468808994 0.16906634629715872
0 0.4421040419716832 0.23967840312176358 0.12169428134945375 0.12716306956195356
0 0.29634664664227384 0.20055628293939137 0.19594994135899882 0.20261081981405518
0 0.198226772636865 0.23357124271053298 0.20385334802672603 0.21096962303236388
0 0.12374439330045606 0.25103761213660053 0.07109429734245412 0.07210422896477801
0 0.20804557328136603 0.39767194753799595 0.19758516669318063 0.2089700804577168
0 0.12337112862032032 0.35031099245843145 0.1628101773551808 0.1721913462971587
0 0.310479135264185 0.5315002803415013 0.18808289735836245 0.19737701659574647
0 0.31998304662636545 0.31949195323797913 0.2291260680299077 0.23615529333095164
0 0.20991770329409273 0.30397657785982685 0.17698176535645346 0.18254969209011432
0 0.5473529739417755 0.4675298875344233 0.12329314401654479 0.13039733020561534
0 0.47248988128582037 0.3833244963168292 0.10428860534690845 0.10721120248167457
0 0.32575978461172983 0.42779612613445694 0.1264181440165447 0.1306158514929388
0 0.40079559993636654 0.49715776735205114 0.1438056386855447 0.14900521857321786
0 0.4134961419478206 0.4136022221795141 0.14064427601845378 0.1456616972858944
0 0.46900070727245735 0.4815981053513366 0.17073176535645357 0.1821126495154674
0 0.5077535772597306 0.5781342517647108 0.12483746268299925 0.12894409084927716
0 0.5911831479153675 0.6652843265224446 0.11377269334818116 0.11724176634364483
0 0.8011672225891399 0.627581502773117 0.08377611067790873 0.08860331411407199
0 0.827201916573868 0.7419935640371974 0.10112724267981754 0.10386768119435104
0 0.8545905725652775 0.8072415056231087 0.15011018268618095 0.15412976114786475
0 0.7545547572406407 0.7361316941069267 0.10748633068109026 0.11367972376899793
0 0.651267767266094 0.5412566006597596 0.10430678668045382 0.10877370248167466
0 0.6086166432606852 0.5781503132808927 0.08059656667727211 0.08369729282674854
0 0.6645842852482767 0.673544576774546 0.1153715560152719 0.12047602698730664
0 0.6811354385741861 0.7294339438548251 0.1754010840229082 0.18087793144645267
0 0.1902762706079118 0.4464700804577168 0.13908177601845367 0.14555243664223272
0 0.41817290925368544 0.6164376450759919 0.14382382001909005 0.15056771857321785
0 0.46620078190645886 0.7222231053513366 0.186502216024817 0.19570525595208482
0 0.5195717772517765 0.6376020869140048 0.1390817760184536 0.14555243664223277
0 0.4435365359245944 0.5869358153745796 0.12167610001590834 0.12560056956195353
0 0.5655195292409587 0.7205674062238567 0.17073176535645337 0.1821126495154674
0 0.7263383032304593 0.8092196328428465 0.11851473734881743 0.12225704827462999
0 0.7770468278962774 0.8190206037618527 0.13275905068427196 0.13886539406758586
0 0.8250116132240958 0.8630326837153663 0.12011360001590825 0.12549130891829208
0 0.7518917392186871 0.8977958137850959 0.1643544960216353 0.17073810694082034
0 0.6784542392186872 0.8926605635329942 0.17541926535645339 0.18244043144645233
0 0.5745298078851416 0.8869572307294888 0.19753062269254434 0.2042825804577169
0 0.5612309238940504 0.8203488849365332 0.17540108402290802 0.18087793144645242
0 0.28862286394018455 0.4611660010084062 0.09164315467854492 0.09383711733238051
0 0.18019219859963945 0.5067520165957464 0.08851815467854492 0.09361859604505725
0 0.2157024372613215 0.5459837613999664 0.11853291868236296 0.12381954827463008
0 0.15754449192395806 0.5716286175844821 0.1027442866804539 0.10866444183801285
0 0.23989336791854918 0.6172631816985541 0.17858062802354438 0.18578395273377613
0 0.2297456612428678 0.6830138678365838 0.11064769334818117 0.11702324505632156
0 0.14247292791218585 0.6573640217915265 0.2117749360279987 0.22089092625067258
0 0.12832806456877724 0.7306540563204018 0.1943692600254534 0.20093905917039337
0 0.29552465523554994 0.7415636951922074 0.19600448535963516 0.20729831981405517
0 0.40003943256686825 0.7637279083175438 0.170713584022908 0.18055014951546725
0 0.4701150278883233 0.8561992676041527 0.20072834802672598 0.21075110174504025
0 0.5155724312142327 0.9055663930207423 0.19911130402608973 0.18886721395851538
0 0.46586278520850577 0.9528557463168292 0.0663704346753633 0.06865144703379293
0 0.39650425787718746 0.9238631069408203 0.1659169960216354 0.15227378611835932
0 0.34754968455605056 0.8398098070767064 0.1311783693507264 0.13719363342392404
0 0.23759342922505042 0.8149194316985542 0.17545562802354436 0.18556543144645268
0 0.3257581425843674 0.6295225170999496 0.18332267202418073 0.1907992346647612
0 0.6504934185630502 0.809389241625252 0.1595942706874535 0.16416032500983527
0 0.09117296256368655 0.765586431194351 0.14852950135263548 0.15245800050420294
0 0.16075820922186876 0.833003160159129 0.099582924013363 0.10532092055068949
0 0.22581049721518723 0.886810857192922 0.14698518268618094 0.15391123986054148
0 0.27265767787241496 0.9488550761827295 0.12009541868236298 0.10228984763454108
0 0.30109121320023335 0.9904114685732178 0.05670453333863605 0.019177062853564308
0 0.11857070922186877 0.8300531227802622 0.10267156134627213 0.10241444183801285
0 0.3576957492043696 0.9603797611478647 0.14491360534690845 0.07924047770427052
0 0.3160900518778238 0.9158076294010382 0.17541926535645355 0.16838474119792365
0 0.8543809398870508 0.8924523859449394 0.03481135200509087 0.03990373416055846
0 0.03415408728518403 0.3573643857697125 0.042678396005727 0.04513753737886681
0 0.0622245432845477 0.36401857735562376 0.05212612133990879 0.05204310124083724
0 0.06001660594368441 0.41937806671196204 0.06320907200827235 0.06530792574646935
0 0.029184776615229634 0.3812553538387273 0.03793635200509067 0.04012225544788173
0 0.015677901973273956 0.41610024740210994 0.03135580394654791 0.04470049480421991
0 0.022445522636865008 0.47284192029858774 0.044891045273730015 0.06755884059717551
0 0.04025754193191222 0.5047856889880211 0.06638861600890869 0.07021394703379294
0 0.10749049526577584 0.5055776466654758 0.056904528007636034 0.06018338317182241
0 0.13359900926959384 0.4792554472858944 0.06796929734245412 0.07188570767745457
0 0.11192400393859372 0.4605382982746301 0.04583975867281788 0.04848105866619044
0 0.06901888860600279 0.45206488057393235 0.05530566534054513 0.0569491225281606
0 0.03991319127945703 0.39998892834435945 0.06164657200827235 0.06519866510280767
0 0.03162797660727546 0.44006762512605074 0.05058180267345423 0.05349634059717552