0 0.6482749626829992 0.09356579602055685 0.17879880402608972 0.1871315920411137
0 0.5492192973424541 0.05461782168758309 0.13906359468490823 0.10923564337516618
0 0.30842540607095126 0.506811085482393 0.17214881468808993 0.1667381999091429
0 0.5043607833386361 0.026820370308102092 0.0743465666772721 0.053640740616204184
0 0.36656243336249866 0.19576404285476784 0.12156701201463563 0.11411781094499088
0 0.5707879513844522 0.34687840626546496 0.18977266669318063 0.20513895861557022
0 0.539303783418178 0.5971174236783195 0.1709135786919079 0.1947813127540133
0 0.6084141260343621 0.22139372738722116 0.13119655068427177 0.1364841338757694
0 0.47867153469127166 0.15627441768542566 0.13906359468490842 0.14158106965141815
0 0.44975564668204476 0.09553661041425024 0.20067380402608972 0.19107322082850048
0 0.40574256468808995 0.13664467039895914 0.07113066000954493 0.07399742198083883
0 0.4800356820496341 0.34069036126299057 0.18179653469127163 0.19066702283992143
0 0.3031822807129069 0.3249436097926525 0.09482269867918128 0.0971007293077851
0 0.4209441347469508 0.5697061538906157 0.14685791335136286 0.14042800542706696
0 0.6500054734245413 0.6382193792416719 0.17076812802354446 0.18228131275401313
0 0.5382743487030438 0.23992239936806 0.1518908586887262 0.17036116689245623
0 0.42220445337363455 0.2749292424252265 0.11526246801399935 0.10910276232447184
0 0.4292715186982713 0.21045730664957776 0.16113858935390812 0.15991498982323468
0 0.22162484006999678 0.5043245725920942 0.10116360534690846 0.10524077792830404
0 0.39239932204804323 0.33355729195025663 0.12467383068109025 0.11271908525525039
0 0.6558987480505886 0.3385093063108935 0.15815904002227174 0.17225121551297518
0 0.6852760706954077 0.17593406320829844 0.18016130935708982 0.1843351356847917
0 0.5632641633513629 0.1033740677308542 0.18027039735836253 0.19371013568479167
0 0.6994663873726801 0.25336302238969555 0.12474655601527189 0.1189690852552504
0 0.5573350734006788 0.4671875842391976 0.19400563335454457 0.16632212008095948
0 0.28560497672658813 0.42670750565420956 0.08384883601209037 0.09340251922187685
0 0.4632038127386785 0.5065167571245477 0.17681813335454438 0.16542136137453234
0 0.3831066853914519 0.40830830845860006 0.11515338001272672 0.09972776232447185
0 0.49610886143376814 0.7142949575995174 0.14371473201781731 0.13870173111680745
0 0.29515379408017817 0.5755168198785607 0.16413632001909004 0.1491412641334941
0 0.46944745878417643 0.8415501763918529 0.11066587468172653 0.11666960085908258
0 0.39610940877622225 0.7867641791053865 0.12649086935072643 0.13467597241038015
0 0.6593702880728604 0.5024899191557637 0.15641472668681722 0.15654432835784532
0 0.6482867900620426 0.4233346856641071 0.1310692813494539 0.12554663387576942
0 0.7062447407304061 0.4328048609243062 0.08690111067790855 0.08731629353213637
0 0.31734751475967754 0.6689425932843092 0.11531701201463562 0.11379026232447202
0 0.25954465276890437 0.7399821116016748 0.1152442866804539 0.10754026232447185
0 0.6035855541056315 0.7469669374731294 0.18628404002227175 0.1737251843053107
0 0.04830770810785867 0.7924840711217562 0.06793293467536324 0.06758364767057934
0 0.03736801873804217 0.524143506897405 0.06353633601209036 0.09233798620519007
0 0.08070948607572379 0.5539228601313368 0.08831816000954502 0.07489818068726599
0 0.1595991967695407 0.749910389529979 0.07109429734245412 0.07087242198083885
0 0.10693727343249544 0.7253098592268257 0.07103975334181781 0.06618492198083885
0 0.14017648742835925 0.6930805353915359 0.10572383601209037 0.09454893939369331
0 0.15799179077813125 0.8133144702626736 0.090207924013363 0.10310506784239593
0 0.11549520810785867 0.7889629234511769 0.08066929201145401 0.0885512449116174
0 0.08349068276572272 0.7257569165537718 0.08679202267663591 0.07794129353213641
0 0.09157535542645026 0.6815565372005583 0.07896134134309048 0.07596935775648746
0 0.11126059941913242 0.6265857541838715 0.09320565467854491 0.09233134215265544
0 0.09032139075426869 0.6409724807781231 0.041061352005090666 0.03962906603337366
0 0.20818959607731463 0.558967806988262 0.06795111600890866 0.06914614767057933
0 0.19383674208304164 0.6019332349619947 0.07107611600890866 0.06930992198083885
0 0.15762706942231408 0.6476075831075437 0.07739884134309047 0.07588747060135788
0 0.19526397676635904 0.7245894849619947 0.06646134134309048 0.07531426051544958
0 0.21271565344522214 0.8135734198331322 0.09009883601209034 0.09373006784239593
0 0.22890427478513092 0.8611920482818348 0.09634883601209036 0.09405761646291495
0 0.1789042747851309 0.8638124372459867 0.06940452800763604 0.05985303482570927
0 0.7196527127227702 0.37581787652813853 0.09802042401336308 0.10351450361804462
0 0.6191885413749072 0.27398646087887774 0.08056020401018138 0.07917624491161739
0 0.6256498160804963 0.5605414365686183 0.09004429201145392 0.08904256784239592
0 0.5621787567631774 0.6819085035065029 0.09315111067790856 0.08764384215265544
0 0.3792827987348605 0.48277271992398935 0.1248556440165447 0.12834408525525037
0 0.32885553739654255 0.44867435888814133 0.06313634667409058 0.05796298620519007
0 0.3500390993793615 0.32092449513876 0.07743520401018138 0.07901247060135788
0 0.28601569875872307 0.6635490863869041 0.10281701201463563 0.11313516508343398
0 0.47198156544394954 0.7906051520815934 0.10752269334818117 0.11494332654882307
0 0.5705372441119948 0.7956025113084191 0.10268974267981754 0.1021976650834338
0 0.5163497307844945 0.8414373117379604 0.09326019867918127 0.09701884215265544
0 0.4878525607892671 0.8781084741078609 0.044240896005727136 0.04448034034363317
0 0.2767417907781312 0.8070910464728124 0.07272952267663593 0.07720430913596879
0 0.2317367314210414 0.6343429432388806 0.07102157200827237 0.06462242198083885
0 0.22224410009545018 0.691906459747224 0.05697725334181776 0.06544793758467105
0 0.7636941614019513 0.4657534797620704 0.03477498933799979 0.03617651741285464
0 0.8144246987984939 0.9290037522633074 0.03323067067154532 0.0376571302577247
0 0.8132316320814507 0.5577462279530481 0.04111589600572705 0.044316566033373486
0 0.7423560580839961 0.5802220935114517 0.041097714672181596 0.042754066033373485
0 0.831274749442995 0.7647398564017506 0.05212612133990859 0.05113977611928178
0 0.8395770507638136 0.672061033470972 0.06311816534054486 0.05640048620519007
0 0.7601531801002227 0.6988935283825894 0.0473840773392725 0.04620661465389268
0 0.7826554361075405 0.7516533582107728 0.048946577339272504 0.04628850180902226
0 0.7710468687937214 0.8960993990293759 0.04115225867281787 0.04744156603337331
0 0.7728724507876763 0.8514453182966811 0.053652258672817865 0.04809666327441135
0 0.8044224427911761 0.875588825194086 0.05218066534054522 0.055827276119281774
0 0.8358360747930853 0.8880135820914911 0.0316136266709087 0.032887743102595124
0 0.7743616781110403 0.7778849875639866 0.048946577339272504 0.04628850180902226
0 0.786216240770177 0.7217611403229485 0.06155566534054522 0.056318599050060314