0 0.3267895166862281 0.7286638594398859 0.09987963959816834 0.07987735083182575
0 0.4429102583811206 0.721479297979668 0.09972928842423379 0.12442244732618271
0 0.4930755056127515 0.720491350586608 0.036718650671644856 0.04446201752821573
0 0.3823032528443823 0.6997427629232366 0.09293846124283185 0.10822189469695012
0 0.26917215536160666 0.6493205217542221 0.1082329667795702 0.09626975433746879
0 0.19825864797928894 0.621553530562915 0.09492162667911233 0.1115387455733611
0 0.1310110671067282 0.6196498683154564 0.09945897416188791 0.07675235083182574
0 0.1756623795234946 0.5711292893493154 0.08200096124283189 0.10687893856207467
0 0.24683130511046186 0.6028984559788279 0.09591330872560758 0.07324364907900413
0 0.28700574823043373 0.6761292585857677 0.02929682533582243 0.02357396489898349
0 0.29505867104903183 0.6930012892824378 0.045132158053962625 0.027054973663091175
0 0.24334591920345244 0.6818867849226764 0.06847948708094398 0.04067838593284225
0 0.3634628832146535 0.6037182453950207 0.13957313775258884 0.08936112274209548
0 0.2644393712183872 0.5605873375519087 0.06787847969862622 0.059044684180020825
0 0.19801802650398065 0.5230477981134232 0.1195009612428319 0.11148335959593361
0 0.2190816864035227 0.5081625086303527 0.08894213959816835 0.07853439469695012
0 0.24418675343423776 0.46915439458548763 0.08831114144374777 0.07384689469695012
0 0.2644091817895742 0.5018155831698549 0.059374801343289894 0.0871973771687344
0 0.311449429021205 0.5004439340239731 0.09942878473307495 0.1336055964497717
0 0.3830992002453685 0.564038653282718 0.07866562852469175 0.10493273680925305
0 0.3820324419402611 0.5424652760916909 0.12397812852469166 0.11049641222516601
0 0.41923213690581235 0.6200958023840146 0.08248180688002815 0.0762044911913069
0 0.4867802214695319 0.6315663155078838 0.12623180688002816 0.08157631573080906
0 0.5984537866546675 0.598422499665612 0.14645413590700934 0.09481602624773852
0 0.5501664391718919 0.5559620698676453 0.137950457551673 0.12296871923645228
0 0.5974621046081723 0.5585925961599688 0.050150152517224454 0.041501175415912785
0 0.47121510368538255 0.540708925170695 0.07542046677957011 0.09224088593284226
0 0.555710166102149 0.49708054355302905 0.13644813775258874 0.08897742098927389
0 0.409481159642621 0.46244846029400416 0.09987963959816834 0.07987735083182575
0 0.4547486734844667 0.5037439383391493 0.09738563775258893 0.08418114907900413
0 0.3481529849784434 0.43427007436116183 0.1328422921153926 0.11926816660721987
0 0.2905358223105322 0.4375196928103735 0.06454314698048602 0.05709848242719921
0 0.29223347944170514 0.4131090919339627 0.02355766174512155 0.015185912269750901
0 0.3257520538547379 0.394193934023973 0.1200719778530468 0.07006326310157682
0 0.35058670729475194 0.3630942454173133 0.04098548523536447 0.041912570157448134
0 0.3905056328817192 0.39102639451861 0.12127379396097213 0.1132377104723444
0 0.46242571836822854 0.40541621027171165 0.10483745386051417 0.12812299995541493
0 0.5124108223105323 0.4647625172607054 0.1430286322158505 0.10361547361850612
0 0.5347514739049668 0.4285916269012241 0.0930888124167664 0.06367679820259334
0 0.5812058084686864 0.4374721531935478 0.025029990772102904 0.0261234122697509
0 0.6099168204649528 0.4719697715981743 0.09924864144374776 0.07518985083182575
0 0.615220422561677 0.5210649031712553 0.06631597969862621 0.05885283330360984
0 0.3226878300257842 0.6765396533050104 0.0841344778530468 0.06565069294412851
0 0.4447430726434665 0.6724662453504358 0.11445297600746737 0.0739833595959336
0 0.4853229871569571 0.6718896926989109 0.08569697785304697 0.06584254382053949
0 0.33132656618393846 0.6418630304960373 0.0350359889265234 0.03196201752821572
0 0.5505724072071861 0.6886371049463693 0.08686880318886932 0.08596319294412869
0 0.5943524973076441 0.7114842058004875 0.08960312852469166 0.10627569294412868
0 0.5139740176090177 0.7540297146091806 0.1308291359070095 0.09289751748363066
0 0.5423244450415645 0.7853064075756018 0.09840731057118698 0.06893985083182574
0 0.6305004293541392 0.7556307540253735 0.14134597047072894 0.09111547361850629
0 0.6505874025932374 0.689004960160249 0.08272213037027107 0.10082078943848546
0 0.6234989714695319 0.6483532671938278 0.10655030503444873 0.08376975433746878
0 0.6796288097244105 0.667951749621027 0.046514316107925426 0.04873812278668055
0 0.39166236350313516 0.34113616645117223 0.11968130318886931 0.08999206134875522
0 0.4234831814566398 0.30533513135015566 0.06769813775258893 0.08053598242719921
0 0.45498850033293436 0.271877846249139 0.0221153234902431 0.027302210516929472
0 0.4716803579663968 0.3366662102717116 0.1008711229879534 0.12148929820259333
0 0.5597813653487146 0.36654356110353736 0.13410428842423378 0.12864316660721986
0 0.6059202008352239 0.377767837395861 0.09492162667911223 0.111538745573361
0 0.5864489323794295 0.32772729793508304 0.04993981979908426 0.03993867541591287
0 0.6062504966417754 0.2809205303845747 0.08638795755167301 0.11663764031489628
0 0.5686602263404017 0.22389028040686726 0.09786628473307495 0.133413745573361
0 0.4892432392594577 0.24749393833914937 0.10829294832377592 0.14237735083182573
0 0.5484981768426913 0.30877260058660794 0.11451295755167301 0.12009095609029038
0 0.5752267187011628 0.635278714586888 0.06475347969862622 0.058660982427199214
0 0.570840119705742 0.8094559251038174 0.08894213959816835 0.07853439469695038
0 0.43323495334667184 0.793354297979668 0.056610485235364646 0.043831078921556
0 0.40094828514202235 0.7854191795750415 0.023046825335822474 0.022806561393340273
0 0.34151320426946163 0.784474771709637 0.07235564698048602 0.05805773680925306
0 0.23324994873272337 0.7568867849226764 0.07563079949771039 0.09380338593284225
0 0.27331912616527 0.7896023594621784 0.07824496308841127 0.10180773680925306
0 0.4150559699568868 0.8340069909683818 0.07442898338978518 0.05062893856207466
0 0.4673546344703775 0.8348693198899377 0.0763519686251497 0.08774523680925306
0 0.6463959422731953 0.7909373154187137 0.05901431610792525 0.050272929797966805
0 0.516663456115041 0.8107454953058507 0.04534249077210291 0.028617473663091263
0 0.49152819965551303 0.7909818549686619 0.07025231979908426 0.04243273680925306
0 0.2740101058638963 0.7372724559565353 0.03837132164466359 0.033908219281037336
0 0.27608334294484027 0.7041721796419191 0.034525152517224364 0.03958266665180492
0 0.38521831743966245 0.8668748769458091 0.10330514328932719 0.07107790346105816
0 0.4874269103084895 0.9040435611035373 0.08302263406142991 0.09163764031489627
0 0.40632716215406894 0.8988507409683818 0.07082313775258893 0.08091968418002082
0 0.554223636315957 0.850300468968942 0.07716330872560757 0.07094143856207466
0 0.5622014828759428 0.8854290259802283 0.10600947785304679 0.06833660521387941
0 0.5864502236480457 0.864581512811774 0.02605166359070097 0.010882114022572864
0 0.5667388303587185 0.922517631238693 0.0823616451349066 0.06389634206771788
0 0.2817479269187044 0.9216741489229564 0.07761396493399078 0.09712023680925305
0 0.18017033220429796 0.8798179647652283 0.09447097047072908 0.08535994732618235
0 0.2427003229764008 0.8636707980688382 0.08272213037027117 0.1008207894384853
0 0.1369010785131391 0.8649752147875208 0.07863563775258889 0.08187893856207466
0 0.19309089831222323 0.8369312937090768 0.07926663590700947 0.08656643856207466
0 0.22334921626572796 0.8009384077316494 0.059555143289327185 0.065706078921556
0 0.15572635342846142 0.9316138551247096 0.07268614144374777 0.07192838593284208
0 0.11220178086100811 0.9540654077762344 0.07902631241676641 0.061950140314896276
0 0.21133035988798943 0.9551185875519088 0.0835334704707291 0.08401699119130726
0 0.3084458820349426 0.9946295985850675 0.09393014328932718 0.010740802829865004
0 0.41030878639774643 0.9847532016302127 0.08945297600746738 0.030493596739574615
0 0.3549750942005643 0.9322536401142635 0.08019813775258892 0.0820707894384853
0 0.29980664923501293 0.8524168287432158 0.0749998013432899 0.08911588593284243
0 0.3284272916015504 0.793192140136556 0.055378479698626214 0.05750987716873439
0 0.46380926701916236 0.9615000523394295 0.06310080872560757 0.06921478067437761
0 0.46675412372983516 0.9929899428438123 0.08966330872560757 0.014020114312375398
0 0.5243411962972886 0.9920707279113901 0.03233165436280387 0.01585854417721997
0 0.4957053598879895 0.9839299121359959 0.08587731979908426 0.0321401757280082
0 0.27070535988798944 0.9624089208555187 0.056910988926523395 0.03464792979796698
0 0.5187370905094054 0.9428311312609855 0.040654990772102904 0.02804192103385894
0 0.6275710646712934 0.8894845873512761 0.05817298523536465 0.04402292979796698
0 0.6050951566173307 0.9089614513961412 0.026592490772102906 0.026315263146161883
0 0.6695783220536111 0.9137023373289834 0.07800463959816835 0.07719143856207467
0 0.6326190499066578 0.8519845873512759 0.062259477853046793 0.06296478067437761
0 0.6702234216388873 0.5254359338456328 0.06310080872560757 0.06921478067437761
0 0.7138081744072564 0.5379349338233402 0.06631597969862621 0.05885283330361002
0 0.7028105935346958 0.5429379031266702 0.04504198708094407 0.037800622786680546
0 0.6386730172760835 0.553328543508444 0.058924145134906604 0.061018578921556
0 0.6828737728128218 0.5730506443625623 0.06601547600746738 0.06803598242719922
0 0.7224020237356115 0.5802865917110374 0.07424864144374758 0.07212023680925306
0 0.6705692094732656 0.6231604162951245 0.05609964882606544 0.051451728045145195
0 0.7183907067048965 0.6218846925874482 0.08362364144374776 0.07327134206771788
0 0.7185710486509338 0.6441433943402697 0.07995781426234601 0.05745449119130708
0 0.7193073124927796 0.6799711224077075 0.06703714882606544 0.052794684180020826
0 0.6857737426936954 0.7107968811941079 0.058503479698626216 0.057893578921556
0 0.6436163327941534 0.7230921838456328 0.0424278234902431 0.029796271910269744
0 0.7367202399253262 0.7099048592392532 0.07515015251722446 0.04457078943848547
0 0.7199384099755552 0.7165801004751453 0.04858765251722428 0.04130932453950216
0 0.7664379293541393 0.772321780273112 0.1042366451349066 0.06658225433746878
0 0.7231687749913356 0.7987755083628423 0.10005998154420563 0.05838605258464717
0 0.6744458660145831 0.8126471575087241 0.0393028234902431 0.029412570157448047
0 0.7142746206285316 0.8294499557336099 0.05150231979908426 0.04013052629232376
0 0.7484089991532235 0.7351649425651556 0.0330528234902431 0.0286451666518051
0 0.687621850327158 0.773762661890778 0.05703115067164486 0.046956078921555996
0 0.6852179201262422 0.7385243329469295 0.05399632164466368 0.035826728045145376
0 0.7230785046899617 0.7463496794189938 0.05057081795350467 0.04462617541591278
0 0.7501369450415645 0.8108225741382367 0.06535448708094407 0.04029468418002073
0 0.7903713697057421 0.8364109732395331 0.07226547600746738 0.06880338593284208
0 0.7911375249913355 0.8071210214867117 0.03939299446326174 0.01866692103385894
0 0.7456598770880598 0.8499809995764419 0.04807681610792543 0.048929973663091174
0 0.6664832134973588 0.8482009557559025 0.08320297600746737 0.07014634206771789
0 0.7208553137485036 0.8985559644977179 0.06871981057118699 0.06529468418002082
0 0.7823937218024664 0.8838753723631225 0.08695897416188796 0.0752175438205395
0 0.8125919588834101 0.8542284118239003 0.03617782349024301 0.029028868404626706