0 0.4470296153100698 0.4613392270496912 0.1757663322563196 0.1731895072563942
0 0.5983206647969797 0.5115698616259291 0.12958101006798622 0.1341071598887993
0 0.5265534611497573 0.45152522823081753 0.16671864057694458 0.18692462504240903
0 0.7832048110735074 0.5270063447508881 0.20269250816812506 0.18974209019601868
0 0.9588175078353303 0.6105479871316742 0.08236498432933956 0.1110863221398514
0 0.44246744224805584 0.3661085726031875 0.13546733415618065 0.11870041469812272
0 0.5940669630496185 0.39599942532825994 0.22253353590354194 0.23727185462398898
0 0.7258994977188893 0.45003710618363346 0.13263327488562507 0.131091287293461
0 0.8063857783040976 0.41438729366242893 0.13554006933854187 0.12182541469812276
0 0.8681603861116324 0.481817841122691 0.2294732137152085 0.20004467313564334
0 0.9248838180073615 0.5337870796899457 0.08622974715020852 0.08263393992586625
0 0.8911627814382296 0.529491449290059 0.07816267401194459 0.07142362141421188
0 0.8720861263279867 0.5497047455691948 0.054216027735416714 0.048730165879249124
0 0.668776675530556 0.4145013994675443 0.1347412887533334 0.1545833509957919
0 0.5263319895507641 0.2740450689749904 0.1469139804327085 0.1409573606144387
0 0.4157743896270141 0.1934622462869849 0.18968336189159735 0.16743058057737184
0 0.3978244766329863 0.2284920107149552 0.10352634992375007 0.08792164065150558
0 0.4621428561920141 0.3044344626217209 0.19244468597979178 0.15191470798203355
0 0.5051999123284376 0.1723560834029607 0.18365156743868064 0.17658732576804842
0 0.6043641109416669 0.16654753830495136 0.15389133225631965 0.17242561542376214
0 0.7158315538553127 0.31981389284412226 0.20004028685347244 0.20994546279135698
0 0.584525696047778 0.25481143013758334 0.11660823138263901 0.11335815027015246
0 0.6368155478713892 0.2842608279606651 0.13626742116215293 0.15307541469812272
0 0.6791472118153474 0.2217955442954011 0.10686955547083343 0.09740576805616732
0 0.6728783748093752 0.18761151725355912 0.06526263050895835 0.05379961179556507
0 0.7404841021079516 0.20323402805333232 0.10872299620027785 0.10996033175849824
0 0.691354964665139 0.14161697097442344 0.13383209897381967 0.1155208509957919
0 0.7632117808695488 0.13832579066720407 0.11639002583555555 0.10398315027015248
0 0.815954921162153 0.12006437478795498 0.16428331838861113 0.14937006134007813
0 0.8688617156150695 0.10883420890870588 0.1079956443766669 0.0787103317584982
0 0.9375013064207639 0.15950384230381737 0.12499738715847215 0.12009922359113015
0 0.9377922471502085 0.20091009230381734 0.12441550569958296 0.15291172359113014
0 0.9447884359797918 0.3171253693456594 0.11042312804041643 0.12284227767481415
0 0.9060039185967017 0.3944889667132542 0.18096297853284754 0.1952281983633867
0 0.7745331002080904 0.25521319030438433 0.11682643692972228 0.12273315027015246
0 0.9591344178373961 0.4871377689828396 0.08173116432520793 0.0780010036281972
0 0.8252045942241668 0.21513133812746613 0.09247974715020853 0.0828521947351896
0 0.7864141979476391 0.19459314883457207 0.0542523953265972 0.05029266587924908
0 0.8600699034947225 0.20140365482502184 0.06380923328249999 0.05843254809323426
0 0.9671368678755211 0.45310750936419275 0.06572626424895774 0.17918155771188107
0 0.978275696047778 0.5574676271502077 0.043448607904444006 0.08477679328391083
0 0.990119772985764 0.38041405382923 0.01976045402847184 0.11191964664195542
0 0.8483712969214586 0.30345722814599957 0.200403962765278 0.22557046279135698