0 0.454649982169762 0.004611713147778173 0.093825035660476 0.009223426295556347
0 0.3860665665451398 0.018200186215671627 0.10015478933650215 0.03640037243134325
0 0.44260749945010697 0.02495838840696799 0.07984228933650214 0.04991677681393598
0 0.36271825625226645 0.056930495546504936 0.12547380404060693 0.11386099109300987
0 0.4958568479796964 0.03986092700261617 0.12448845183499131 0.07972185400523234
0 0.5482874286790481 0.049036010673657884 0.13567464889417025 0.09807202134731577
0 0.36338223474600223 0.08509215065939887 0.10492204301252839 0.08503796427907388
0 0.4563955795995655 0.09862838741708424 0.12653890992224887 0.15814327360990718
0 0.5118690476151158 0.12318959853861214 0.12391130404060693 0.1331432736099072
0 0.5349429380574476 0.16142233039532514 0.11552637426177288 0.1122839694628702
0 0.3349335020263472 0.12009186724754697 0.10303109227732313 0.08177626324231464
0 0.28514939927083854 0.18869489575842652 0.04102848639568126 0.0515816238454629
0 0.334243800741249 0.17820716361888958 0.14833415624622273 0.14456878916129604
0 0.4094479029468648 0.1623388643728249 0.1591027128630699 0.17337729434509233
0 0.5728582194920044 0.1836493534395845 0.12333887426177288 0.11296747464666641
0 0.635121317471701 0.23935325782217723 0.1055742264673885 0.12070206220555538
0 0.48190948677234946 0.22411711149810287 0.0861720430125283 0.0833975518379628
0 0.38890557794988656 0.26940907059338043 0.12004493087862 0.14054567049962943
0 0.4345066518470787 0.27006389000898234 0.06552637426177288 0.10790953628657399
0 0.4931004018470787 0.2649376011305103 0.12982813528985152 0.15997917568342573
0 0.5779680779498866 0.25286824514551043 0.12243327573218324 0.11908077360990718
0 0.5348445386133844 0.31701821950935294 0.06314746543930987 0.07054623732333329
0 0.6625566161866028 0.2950079355318532 0.13945655036458077 0.11902198501425901
0 0.6752677954155437 0.328728824645881 0.17143848749546714 0.17290840263916643
0 0.5009246968859543 0.33778934076291767 0.03905778198444985 0.03283162384546294
0 0.3459040281351989 0.32503364547560254 0.12333887426177288 0.11296747464666641
0 0.34232151085485385 0.29283630014101925 0.04629313419006546 0.042753427992499926
0 0.2863178489062578 0.29541378746435243 0.0646302117632839 0.05519463939685174
0 0.2503451900837949 0.33571615871791727 0.11536214889417025 0.1107214694628702
0 0.1739469154513975 0.3408520095191208 0.11881088161382528 0.1435339694628702
0 0.15162855221770322 0.39853737040509296 0.06939274742375981 0.10050713939685174
0 0.5651960171071202 0.3522920467006493 0.13517253676026186 0.1666392787937035
0 0.4768748902691072 0.36775980475916764 0.09883626838013093 0.08605366013203683
0 0.6033271957861683 0.438747665079492 0.13394320551101746 0.14021347983046267
0 0.22589189707126653 0.4137140196038894 0.13920313528985148 0.16079938190398124
0 0.1610177062643539 0.4859594579639818 0.11051042352656766 0.10874886635259244
0 0.19716874450107008 0.5323368804898616 0.09340267720259385 0.12273345391148141
0 0.255265100382712 0.502483993684908 0.12966390992224888 0.1584166756834257
0 0.23299133200258101 0.5818393030157413 0.025408204411231417 0.020800515551388798
0 0.3171950296116531 0.5318988001410192 0.1535940860250567 0.16515469123481452
0 0.5434267198686727 0.5004951008476863 0.08913281764492567 0.0821084539114814
0 0.5266967371490177 0.5344695596601401 0.033220704411231594 0.021484020735185183
0 0.46024353328767925 0.5039023563143066 0.1201294025701964 0.12661987153638865
0 0.46035136876284294 0.40713466305324175 0.17949968455464624 0.1612286088597219
0 0.3923427419248299 0.4208253076338897 0.12621517720259384 0.12560417568342572
0 0.3206742031382207 0.43251395480643584 0.10516602205615717 0.10208876324231464
0 0.3854547125166203 0.5452785034868527 0.1022897191153362 0.08945206220555538
0 0.4022222130665133 0.48885284622953795 0.10302637426177289 0.11119036116879606
0 0.502426315272129 0.4707973303953251 0.057230634190065466 0.043710335249814845
0 0.5468284987269894 0.4313056034395844 0.04629313419006546 0.042753427992499836
0 0.46070812759134955 0.5804942506121307 0.11158496543930987 0.0747839694628702
0 0.4198389222535569 0.343335294674399 0.0683323595576681 0.0462297425071295
0 0.6529116880574477 0.15110140212000128 0.04555176102807863 0.05042922695574066
0 0.6497420932038843 0.1297048557486587 0.03231510588164195 0.02759731969842587
0 0.6824326036820698 0.13535953345833468 0.0407845073520523 0.034530824882222165
0 0.7108860544172753 0.12977391479666806 0.025736655146436683 0.023925515551388842
0 0.7135207373222425 0.1488950616863903 0.037987958087257565 0.03738242280870363
0 0.6844103851166267 0.1607306803480569 0.05377718345486038 0.04031193317629622
0 0.715209944859607 0.16964705909449215 0.03215088051403932 0.02603481969842587
0 0.6352338709624149 0.17199966248759385 0.03938623271965511 0.03595662384546285
0 0.6248758777645744 0.19690191767139015 0.027299155146436504 0.02406221658814811
0 0.6124157546025875 0.19025137648384383 0.022118979043628785 0.018964613477870353
0 0.6856069165511836 0.18617017775615877 0.045307781984449846 0.033378427992499925
0 0.7106491523969718 0.19094586064963104 0.034370281984449844 0.032421520735185096
0 0.7159982718829324 0.21369985546583478 0.0470345073520523 0.03507762902925917
0 0.7220465286850918 0.23716674976365884 0.07285563419006547 0.04507734561740726
0 0.7466829191274237 0.27526278058361264 0.023681479043628783 0.019101314514629576
0 0.6862286591991311 0.21707842516426065 0.04834831029287336 0.047577629029259175
0 0.7753968619606836 0.35557570570139047 0.039550458087257566 0.037519123845462944
0 0.8040591329170548 0.37009753548458496 0.0392220073520523 0.03439412384546285
0 0.7739211926600351 0.3843452546646312 0.027627605881641946 0.02718721658814811
0 0.765782600932605 0.4028608088116682 0.034370281984449844 0.032421520735185186
0 0.9345278829170546 0.35868299891518707 0.041605634190065646 0.042343324882222075