0 0.2938359252152801 0.4600175550357929 0.21266015779852693 0.20319913666229378
0 0.3259452540699585 0.645719836605824 0.2744738332144399 0.2517878260824803
0 0.4875829251484025 0.6039404022355478 0.23927604373136938 0.2683536998023559
0 0.45047062699039414 0.42803034961882924 0.23861941218058083 0.21246772084904325
0 0.5586272893047303 0.36762274161338204 0.1706111227420955 0.13869702090551303
0 0.5958078199122303 0.5567230389684287 0.1710759034164731 0.19302049985882555
0 0.6481258769681016 0.4837552468044667 0.19903674552877604 0.18068709983059078
0 0.7031812321819814 0.5846953915004425 0.14950352624773872 0.14367294724210708
0 0.6921042672161203 0.6903160599445289 0.17853239465236506 0.1779415314288567
0 0.5286301663174171 0.7234562416839692 0.11644578943848546 0.07659186305535766
0 0.7932049866086204 0.509269728247441 0.19761071042775935 0.20697658404557515
0 0.6837093682485789 0.38188890991629404 0.23694814027031122 0.17358723137238705
0 0.856432850675778 0.44934796765351004 0.21427804377595444 0.17847215244730924
0 0.8846379295750415 0.5463972729010644 0.11671871923645227 0.12935284200867017
0 0.8765771926989107 0.61341046765351 0.10315069294412851 0.08202281570031093
0 0.471939078542583 0.8302985049087359 0.12146160521387976 0.10480786831702957
0 0.42506607858716805 0.7391428838902835 0.13546871923645226 0.13044490514873247
0 0.3561242277107573 0.7335761523767221 0.073518578921556 0.055475726251889415
0 0.6002173900028008 0.7252987337208742 0.16441450867493773 0.2019404735504665
0 0.5438556180256535 0.8158712548381487 0.08832078943848547 0.07495376834526431
0 0.775124464631473 0.6020718782756758 0.09744855258464735 0.0987552893919517
0 0.9723452038881172 0.32739591489561726 0.055309592223765594 0.0746961631118273
0 0.8505061663397097 0.6979905940042216 0.07214792979796698 0.05694722099021767
0 0.8862785084297199 0.7303249518684944 0.04248812278668055 0.04280912628012441
0 0.9466819952835582 0.7105731649662044 0.06759689469695047 0.08305469468185844
0 0.9794886489675415 0.7039738254471958 0.041022702064917024 0.0644867052052021
0 0.9008898680925311 0.7040277623777207 0.060607184180020826 0.06403167889684287
0 0.9633024428438123 0.6480122517837898 0.0733951143123754 0.08819722099021768
0 0.9409146225414627 0.5814771991670714 0.06277292979796698 0.05640118942018653
0 0.9759676007538018 0.5875143675405706 0.04806479849239622 0.08525423151356151
0 0.9885012169674015 0.6392511727881249 0.022997566065197005 0.07100972099021767
0 0.964688438495197 0.49625233070886765 0.07062312300960585 0.08065773677523325
0 0.9934448771130032 0.4046787517132027 0.013110245773993511 0.059905621018452496
0 0.9573545656639315 0.3047473701714065 0.06704903505643145 0.06595819994353028
0 0.9705893529782676 0.4568103991106017 0.05882129404346479 0.07486276308359248
0 0.9539951752821576 0.3658290833397036 0.061813675415913136 0.04858868942018653
0 0.9765248836972302 0.38244743594230457 0.04695023260553945 0.06127069994353027
0 0.9533226971924273 0.40457306492385203 0.06921478067437761 0.058327710466874017