0 0.6141021704396378 0.5703309298711965 0.11950740514873245 0.1347906112446445
0 0.6270417861964184 0.6032983357224115 0.10068181043863902 0.10445367758226834
0 0.5765951941877482 0.5074667547567501 0.135951452503779 0.150863960028623
0 0.5340807414722077 0.6018810935478843 0.12292083148532651 0.11351886587983806
0 0.5700806127024217 0.409129797195949 0.12134292093374803 0.13967919612304242
0 0.49382122056669464 0.45121529111584113 0.12234397881213824 0.1568666961230424
0 0.6776123916416169 0.40394923302569685 0.1416400103821694 0.16865471466381657
0 0.386350354809914 0.4304135204076953 0.1536093893637168 0.13452697856939716
0 0.5277782625894822 0.5342139708654811 0.05162268415851479 0.060921131230333006
0 0.475024988911959 0.5339190642918087 0.08046031570031094 0.10340207416309646
0 0.44475293096298146 0.5952736391773623 0.1305359104104042 0.13776070539342947
0 0.4165361966774098 0.678402671623717 0.1487552893919517 0.10443730881260152
0 0.5700553098033546 0.6924911884191264 0.12108531570031093 0.1086302810014402
0 0.3707455545416827 0.716567010414851 0.11701944198043535 0.1453259414878488
0 0.4617723729434168 0.7253171299069752 0.09065436305535748 0.11867108343348357
0 0.37064059677623185 0.5796240860228619 0.10297235253201382 0.11715476246066618
0 0.30606215728545816 0.6060384009155713 0.1577662683452643 0.09939381808298844
0 0.3531492598880591 0.6306756894420339 0.08536064732681173 0.05440749855508571
0 0.3007306442018657 0.5280139433547701 0.11207433674699833 0.11367377173105328
0 0.2288934415569123 0.5514268902002698 0.11621580517696728 0.10490202636624665
0 0.21790346267418687 0.4843630221530601 0.16914338410204496 0.13497532735337553
0 0.3050926495341247 0.4542517265235821 0.07146474729857691 0.0820841497711072
0 0.3797433100151161 0.49265807211728135 0.11510833148532651 0.11251344148784881
0 0.45220359698799334 0.3448022008797925 0.12408848933548207 0.16019278100144022
0 0.3111837548381488 0.4101770096923939 0.09250528939195171 0.09719825319027908
0 0.33901335224966517 0.360943354563636 0.12982327886860806 0.09889929027182731
0 0.37340376280124377 0.32975590236048563 0.06486613680346806 0.04866839513591366
0 0.39750141546031453 0.29753175186692127 0.06513915258848364 0.053355895135913656
0 0.40973610495108825 0.27785378040053965 0.03739358418674961 0.029624952203150378
0 0.45496530496520576 0.2570780264878033 0.09168624203690498 0.08313575319027908
0 0.564885607511337 0.3334490896351479 0.115472352532014 0.11876344148784898
0 0.6841724757577794 0.5030674405864979 0.1489218893637169 0.1339237239342035
0 0.6350131808923942 0.6455632886480192 0.1295502630835923 0.09421179027182731
0 0.729992480948864 0.5735199413089551 0.12786593671876362 0.14517103563663375
0 0.7781415546122699 0.5893623949570198 0.12769933674699843 0.11568462051503162
0 0.781130775743662 0.5055444705650307 0.09902830517696729 0.10269009270387049
0 0.6475384837914614 0.36059321839765907 0.09701077886860787 0.09467650782547263
0 0.566759649675299 0.2710265425607555 0.11409186305535748 0.12168735660945104
0 0.5385135523343698 0.2455387354935188 0.11042083148532651 0.11191018685265541
0 0.48569238922254243 0.2035359516022497 0.06972023677523324 0.07875806489270935
0 0.5460992682040899 0.15955505646633603 0.11463789462538862 0.13106235660945104
0 0.6111088891519554 0.26217062352641696 0.09884629465362345 0.09956509270387048
0 0.6170473469879934 0.32358774620882025 0.04960515785015538 0.052907546351935245
0 0.7023555154320797 0.28820878545774004 0.1447048262236546 0.11477155417740788
0 0.6053608761389501 0.1094247037696213 0.1147134893354819 0.1589862717310532
0 0.5086300893072471 0.11085392379108856 0.11656441567207594 0.1375134414878489
0 0.6626222414016205 0.6601135957152559 0.11299979991529537 0.10293735660945114
0 0.7386709889825461 0.4252142576465789 0.09250528939195171 0.09719825319027908
0 0.7663486679499762 0.40040043739621883 0.06201415258848364 0.05295372537911795
0 0.6996246285580245 0.3224057900929336 0.055491136803468066 0.047461885865526555
0 0.7003611049510884 0.2404519930185411 0.11623121572854593 0.07854061124464459
0 0.6135744655167843 0.20990432645202456 0.07744173151356151 0.07820098928469858
0 0.6557549892648948 0.1367848225392882 0.10435284200867016 0.11423084733906404
0 0.6422532023626047 0.20227800620166447 0.06485072625188941 0.0750298102575158
0 0.3175702627306566 0.4117164201788025 0.09352175782192056 0.08802433806867707
0 0.5768039656579587 0.06508635426318568 0.07909523677523325 0.0799645741630964
0 0.9761882220938741 0.5043803468597199 0.04762355581225179 0.10945098928469861
0 0.9360534941736308 0.47616152516444543 0.12539338410204515 0.1293449507582359
0 0.9882713576525113 0.42941162075814476 0.02345728469497743 0.09746188586552659
0 0.9596762853045234 0.4037458183261016 0.08064742939095311 0.13005693221746176
0 0.7484107390531334 0.3491857437409983 0.07248121572854593 0.07291023464950505
0 0.746135607511337 0.3101232437409983 0.04308214206513981 0.04741570683834393
0 0.7841438417263216 0.3005091642202512 0.04519067363517095 0.05699179171674178
0 0.8190116653897274 0.3180608393346976 0.051258663111827474 0.054671131230333
0 0.8162205943571574 0.29716817421309544 0.02976309471009344 0.031744527811161126
0 0.8375264469597585 0.3251233632331224 0.041064615756780755 0.03940212195994608
0 0.7989035627165391 0.3647265700714663 0.04602513154179633 0.04469287659513963
0 0.9976995655591366 0.37576081904855874 0.004600868881726683 0.04016028244635468
0 0.9875965234657619 0.3543110783189458 0.02480695306847629 0.047260800987128794
0 0.9996414971574026 0.34020239929176305 0.0007170056851947493 0.05029344293276328
0 0.9999754261248327 0.29781381441336524 0.00004914775033455498 0.049891273175967664
0 0.9770195563865045 0.30369963929891886 0.04596088722699108 0.04998363123033309
0 0.949373999576477 0.3264713368668757 0.050712631541796324 0.04529613123033309
0 0.9064878205384599 0.42801746809720875 0.09711719468185862 0.06987759270387048
0 0.8997149047957965 0.37930143029320335 0.07653167889684269 0.06257598928469861
0 0.9429643758566014 0.3650773036980638 0.05576415258848364 0.05214938586552655
0 0.9900316432393836 0.27422140856215016 0.01993671352123272 0.04096462195994608
0 0.9742228101562904 0.2666018090557145 0.03297909997176518 0.03370919756795683
0 0.9557836232963526 0.2878653700356876 0.04804265785015538 0.05270646147353748
0 0.9204453627730089 0.28926477979963894 0.04244510523343692 0.03647820683834384
0 0.9030450311465081 0.34187888321881094 0.055582142065139804 0.04902438586552664
0 0.9148246943289227 0.31438841175242926 0.03775760523343692 0.03587495220315038
0 0.8812764469597585 0.31949298663798287 0.03261507892507751 0.02745919756795683
0 0.9868750931123266 0.5375950166165155 0.026249813775346808 0.02609778244635468
0 0.9421816678088017 0.5273218554076499 0.08103716837349921 0.060054243919892156
0 0.9943309128294786 0.5910760073461285 0.011338174341042872 0.05185594293276328
0 0.9749589220374044 0.5954536956436984 0.05008215592519107 0.04846731025751581
0 0.993667272044463 0.5691004649069297 0.012665455911074019 0.027258112689558977
0 0.972627301981434 0.5635460775964886 0.052093121018452496 0.042372216108730855
0 0.9225972099021765 0.5424359588268217 0.06119510523343692 0.038891225379117954
0 0.8253280967762319 0.5211083864090901 0.05263915258848364 0.051747216108730856
0 0.8228408626318346 0.4513760515306922 0.07331567363517096 0.060611319527902906
0 0.8720519073560453 0.45842367030035913 0.04996917889684269 0.05915754635193533
0 0.8524982705525772 0.4200106039627354 0.03472361049510866 0.03703528244635468
0 0.8357812074125149 0.4032714527467138 0.060178636803468064 0.048065140500720104
0 0.8013074968750539 0.41951461251066524 0.04070059471009344 0.03315212195994608
0 0.7942916574266325 0.39365590958505764 0.036468121018452496 0.040361367324752526
0 0.830100354809914 0.3733054149427084 0.03610409997176518 0.03411136732475253
0 0.8261640127306566 0.34626329226030517 0.03831904735504636 0.01888853708154814
0 0.9712497286003767 0.6352199927180908 0.057500542799246546 0.060410234649505054
0 0.9787398575466305 0.6280651107653006 0.04252028490673894 0.04121188586552656
0 0.04984297838861525 0.5854891512160216 0.03434417889684287 0.05714669756795683
0 0.05354483106180348 0.5409348117024303 0.046662168373499166 0.055630376595139454
0 0.10009360737016273 0.5428153077896939 0.08801521046687394 0.07335858343348356
0 0.10732227844508498 0.5182718409585056 0.05016659997176513 0.035921131230333005
0 0.08260227048199005 0.5938669112088658 0.07377069994353028 0.06842381952790291
0 0.08358791780880181 0.6378179960872636 0.06403167889684287 0.060967310257515804
0 0.0528307414722077 0.6638152360944194 0.03140118942018657 0.05986952781116113
0 0.049774359930411474 0.6248532785336184 0.028928636803468077 0.04404344293276328
0 0.12194549154279488 0.5801454968097209 0.0430821420651399 0.04741570683834375
0 0.053581170369050565 0.7172418634120161 0.026713689420186572 0.059266273175967756
0 0.08869889399010415 0.7796264158440593 0.0896687157285458 0.07512216831188141
0 0.08853229401833904 0.7497378309656615 0.09242969468185842 0.06927433806867693
0 0.27729168615406613 0.6931742258011249 0.04280912628012441 0.04272820683834393
0 0.32113269141573797 0.6891063492059853 0.025530621018452493 0.03895377317596775
0 0.31884214932236316 0.6768074340843832 0.029672089448421434 0.030182027811161305
0 0.2993564019531991 0.6801022450643561 0.024893584186749605 0.028016273175967756
0 0.2767988624906602 0.6711986833619259 0.02434755261671846 0.018641273175967577
0 0.3008811045981525 0.6657381177467594 0.027563557878390377 0.020605942932763455
0 0.26710534407480874 0.666936442632313 0.031234589448421436 0.030383112689558976
0 0.2605962807935722 0.7984337065378935 0.03288809471009326 0.03214669756795683
0 0.2517757466632924 0.7145614187338881 0.03168961575678066 0.038195612689558976