0 0.812113526769209 0.12977958933469758 0.03721658008391264 0.04192386732475253
0 0.7854083941957856 0.10008390494986412 0.1551163203356504 0.16849980881260143
0 0.7329569778041831 0.04410439272887001 0.0904133576783142 0.08820878545774002
0 0.6639226352727159 0.04178709261442361 0.08896925684847723 0.08357418522884721
0 0.7114022091328511 0.08120880935616484 0.12450493776222675 0.1320677810014403
0 0.6277725703356503 0.0739840614019799 0.14323162697434616 0.1479681228039598
0 0.5892545219953242 0.07247359499279864 0.09761055103961844 0.10385042294707478
0 0.7587400730349427 0.1437482676394231 0.15308022365499827 0.16204872393420358
0 0.7516030018740998 0.18489906934900907 0.13591603444287886 0.13972537515022515
0 0.6713225834079048 0.13527668595130443 0.15632362282516113 0.16401339369099927
0 0.7113574327878494 0.22636640350494974 0.16449132033565023 0.16970631808298844
0 0.7511778719999687 0.24175232398420263 0.11574524440092268 0.11856235660945105
0 0.6374570688857577 0.16724538815445475 0.16700101369695447 0.1824074029613863
0 0.5801531317482309 0.15016515133757813 0.13939623195336798 0.14481504490702085
0 0.6712186074778216 0.27965303010008935 0.09929145020978147 0.10561400782547263
0 0.6229936724148871 0.25746003401282563 0.10433414772027057 0.11090476246066619
0 0.5324143713752687 0.17603057500711014 0.1612479211654872 0.16774164832619282
0 0.5231596157761913 0.28293000866948637 0.10769594606059663 0.11443193221746188
0 0.5705781448204854 0.22160670768235763 0.12102474025173784 0.1269781112446446
0 0.5416485840326049 0.24584036281111557 0.02677598755244546 0.026654858054365425
0 0.49872737822374597 0.26240823940625513 0.04394017676456467 0.04897820683834393
0 0.5941242338274677 0.33454015133757814 0.14635662697434615 0.15499438442061217
0 0.7200588491794517 0.2891449413089552 0.05703217261537983 0.05839938586552655
0 0.703818542540756 0.3038568749713314 0.051989475104890735 0.05310863123033309
0 0.7253625784335274 0.3279058139913584 0.03697978174358667 0.03879886732475253
0 0.7165562634964618 0.35743840814014327 0.05402557178554286 0.05955971610873094
0 0.6775054188904022 0.3522087376608904 0.1044525468904336 0.11246726246066618
0 0.6684497276036904 0.3368079120528796 0.11633724025173783 0.12637485660945114
0 0.6887631502190702 0.38625902082970226 0.08705155933798814 0.08701891367668776
0 0.6438883581025214 0.3770456474248418 0.03361798340326061 0.035271697567956825
0 0.6153489610069509 0.375196425236003 0.06543666846619497 0.0672173102575158
0 0.624381341505782 0.4111108357224116 0.040578378424238615 0.045451037081548226
0 0.5760738960698853 0.40865017451354574 0.11778134108157481 0.125013441487849
0 0.5144250784335274 0.355052272575067 0.12606743776222692 0.13226886587983816
0 0.5037486101771139 0.3911364940414486 0.1056598493799445 0.10798084733906395
0 0.4748764037435551 0.31202097477821733 0.09929145020978147 0.10561400782547263
0 0.43551790581814764 0.31314184673816337 0.14060353444287887 0.1403286297854187
0 0.43438238092303827 0.36062010137335687 0.15620522365499814 0.16245089369099927
0 0.6518318352820046 0.4194111427896483 0.05703217261537965 0.05839938586552655
0 0.6189843691001837 0.45440430255359976 0.16761632033565022 0.17010848783978413
0 0.6144511570675475 0.47786489206719107 0.06519987012586892 0.0640923102575158
0 0.6141910479393408 0.4952534769455889 0.06363737012586874 0.06389122537911796
0 0.6412271446199929 0.49808503401282567 0.018371491701630306 0.017836933662376354
0 0.6385407751188239 0.5355075810872181 0.10120914772027056 0.11050259270387049
0 0.681829756447492 0.5654356242488742 0.08236405933798814 0.08641565904149431
0 0.6897023786479533 0.6172766620528796 0.10206125269929238 0.10132867758226834
0 0.4779799381864341 0.4362628142918087 0.09401195435896632 0.09719825319027908
0 0.5302295224195316 0.45951559818307774 0.09233105518880329 0.09543466831188123
0 0.3923249354871417 0.3573551006508997 0.1025348493799445 0.10757867758226833
0 0.3461477524987997 0.33095422724603923 0.050308575934727706 0.05134504635193524
0 0.35702697552909796 0.38083059529324903 0.1297844336130419 0.14048353563663377
0 0.3072162296782829 0.37935226896278096 0.15476112282516122 0.16381230881260142
0 0.2394483892214081 0.36992962629468923 0.09940984937994442 0.10717650782547264
0 0.6095277813426012 0.5274083588983792 0.06375576929603195 0.06545372537911795
0 0.5759097979393407 0.5001800564663361 0.09413035352912935 0.09876075319027926
0 0.5087814975244223 0.5096079562374433 0.12618583693238997 0.13383136587983807
0 0.4601538207598576 0.4716894177109806 0.08236405933798814 0.08641565904149431
0 0.4735893587272214 0.4928375311229968 0.09256785352912936 0.09855966831188123
0 0.41997818403724924 0.45161599723172774 0.0810383576783142 0.08933957416309646
0 0.37606224067594496 0.44464583138766844 0.1617215178461393 0.17399164832619288
0 0.2631119547831736 0.4323603577539151 0.16101112282516122 0.16461664832619288
0 0.23977046578083572 0.5095179280042752 0.1258306394219007 0.12914386587983806
0 0.22428717573887944 0.4925776919098558 0.14455732863402007 0.15166829954221442
0 0.3062359153659172 0.5017530706723669 0.0888508576783142 0.09034499855508571
0 0.2983175942050743 0.5430044148211518 0.09749215186945541 0.10228792294707478
0 0.3195530541631181 0.5213386840843832 0.021733290041956278 0.021364103419172054
0 0.16047774255004477 0.7540164404649413 0.0806831601678252 0.08465207416309646
0 0.16800497740319775 0.6867827614377586 0.09604805103961844 0.10364933806867693
0 0.15441515146847007 0.6427773131473447 0.10229805103961839 0.10445367758226834
0 0.21736543736124148 0.6614975028898288 0.10120914772027048 0.11050259270387067
0 0.23578355063863307 0.6338833994706569 0.11285704274124866 0.12128518685265526
0 0.23705097532860533 0.6818412767882537 0.07095296265733611 0.07875806489270935
0 0.268776417240017 0.788200003612286 0.08716995850815117 0.08858141367668768
0 0.28416369628431115 0.7309989426323129 0.08920605518880328 0.0950324985550857
0 0.33777210312814404 0.6160248399355982 0.1372417361025529 0.136801460028623
0 0.34830593881113403 0.5468264911516199 0.03842388257342346 0.03743745220315038
0 0.6507340444148557 0.5923146566952289 0.10397895020978147 0.10621726246066618
0 0.5561426722143945 0.5516338296423037 0.14396533278320495 0.14385579954221442
0 0.6093035610115953 0.5660917786551749 0.06567346680652086 0.0703423102575158
0 0.6132107336269751 0.617654278655175 0.07227866431700995 0.07583414977110721
0 0.5947926203495835 0.6452683820743468 0.08560745850815117 0.08838032879829001
0 0.6177099020931699 0.6770292786551749 0.07708456348717299 0.07799990440630075
0 0.38895424959901465 0.5210846994348781 0.1476823286340201 0.1520704692990101
0 0.47722476682045406 0.5720454084405936 0.11598204274124875 0.12168735660945114
0 0.38618629234026336 0.630304793583663 0.1060150468904335 0.11266834733906403
0 0.4386027425500448 0.7182233321101256 0.10734074855010753 0.10974443221746188
0 0.4651876307225457 0.6422260921029699 0.15343542116548722 0.16673622393420368
0 0.43317969151042635 0.6258347472317277 0.07935745850815121 0.0875759892846986
0 0.5605709857015675 0.6204843720815025 0.08920605518880328 0.0950324985550857
0 0.5307767419253449 0.6124856923318627 0.05222627344521662 0.056233631230333
0 0.5239580568624105 0.5849639469670562 0.06555506763635784 0.06877981025751581
0 0.5504273137108877 0.6635998435478843 0.07216026514684692 0.0742716497711072
0 0.5159222591467844 0.6767180033118356 0.06375576929603177 0.06545372537911795
0 0.5189297825920011 0.7268185457510346 0.09592965186945542 0.10208683806867694
0 0.5709066796875717 0.7256514947639058 0.12677783278320492 0.14164386587983807
0 0.48553694213512627 0.7129720357581903 0.09424875269929238 0.10032325319027909
0 0.5355145539626254 0.7791161167238518 0.09761055103961844 0.10385042294707461
0 0.7572110325920012 0.6961531017953637 0.06063076929603177 0.06505155562232226
0 0.7349924904754523 0.6840239976537346 0.047065176764564676 0.049380376595139455
0 0.7715345643355876 0.72901996520738 0.06711756763635783 0.06898089513591366
0 0.7829806271980607 0.7030919937409983 0.04526587842423861 0.0460542917167416
0 0.6891714276129791 0.7143758364448688 0.07180506763635783 0.0695841497711072
0 0.7218063288577347 0.7078093039985142 0.06351897095570588 0.062328725379117954
0 0.7699370981537665 0.7599914274033746 0.05355197510489074 0.05330971610873085
0 0.7265064068670548 0.7490144691201163 0.05210787427505377 0.054671131230333
0 0.6616752348763749 0.7991679113304224 0.0537887734452168 0.056434716108730854
0 0.738096947533711 0.8603310493633206 0.05883147095570571 0.061725470743924406
0 0.632803951058196 0.7721176042631857 0.06219326929603177 0.0652526405007201
0 0.6111424386106414 0.7985713774391534 0.03518048340326061 0.03547278244635468
0 0.6714296657901244 0.8342005293776321 0.05175267676456467 0.049983631230333
0 0.6347342265780052 0.8184124391415836 0.04358497925407558 0.044290706838343755
0 0.7315159834264824 0.8879995161945088 0.06976897095570571 0.06313306489270935