0 0.38793075029458757 0.20811761188038308 0.11780564441741408 0.11034227767481417
0 0.6220603105994379 0.2584896672300115 0.10999314441741408 0.11006945916315995
0 0.7328432744950845 0.28892619009550224 0.16498971662612102 0.16510418874473984
0 0.667681882808145 0.2069470145976063 0.0831033914905479 0.052891876223535327
0 0.751933642079723 0.3653894863746379 0.15999314441741408 0.11181549763774727
0 0.7867399132551577 0.42677341967708216 0.19752950585373252 0.11937502649368792
0 0.40526563681516564 0.8549479718618496 0.08965337334017516 0.10467263103285873
0 0.4269542844540335 0.8877431136944818 0.05970225292686617 0.05832342068857273
0 0.5391548234852532 0.8088319184111377 0.08012383723582168 0.07778274881887351
0 0.3359298295353774 0.8189261371081266 0.07685339149054773 0.05267362141421188
0 0.3658309529737485 0.7832440974524129 0.07384656615858276 0.07287699400955017
0 0.4533854951282262 0.7769246647829408 0.12297493344863372 0.1933184687818068
0 0.5362661728213233 0.7680977910064761 0.0722295240041051 0.06344743030721922
0 0.34421502820751754 0.7379489556197808 0.14934653590796182 0.16143355172143128
0 0.3116525130822071 0.6938343678708329 0.09589428298109545 0.10332838584218215
0 0.5201553594914109 0.7167436221320022 0.1067863311856975 0.09589783175849824
0 0.5981667300029156 0.7390030572485449 0.06907725292686635 0.05865080290255768
0 0.45331329313643637 0.6550223829317753 0.07714428298109546 0.10267362141421188
0 0.542430335290914 0.6487575139646341 0.11612496974937905 0.08997521397248338
0 0.4027820280111259 0.6102803126060226 0.13843630698520068 0.16573910580511536
0 0.32246781411547937 0.5809077819359835 0.08977154800821019 0.12498513103285873
0 0.5443109978587006 0.594124577666965 0.09900110226293624 0.10031251324684387
0 0.6119934015476927 0.6457168487183572 0.0801329275949012 0.07934524881887359
0 0.5850809227231274 0.7049455157787327 0.08323974687674215 0.0763293762235353
0 0.6115575851927182 0.5863145668671917 0.07852497579950324 0.07147818511654265
0 0.5642513140172835 0.5244941239461006 0.1365011022629364 0.10162204210278443
0 0.271318925453602 0.5080134297590652 0.16926815046753824 0.0949553798517325
0 0.4354859645830175 0.495773868503805 0.11794199980360834 0.13377977767481433
0 0.5295223108940255 0.4498289406436564 0.1256181444174141 0.11061509618646852
0 0.6162365157144857 0.4536384761230189 0.12554542154477702 0.09811509618646852
0 0.6474456090986275 0.46176100016963606 0.12116699375348397 0.15107640507947587
0 0.16901660295030735 0.3630059754052287 0.15059087334017515 0.10680061542376214
0 0.28297456382089176 0.3849578756753812 0.12748971662612102 0.1637946598887993
0 0.1959154462362532 0.30612105834485326 0.15539654800821018 0.1272768065307547
0 0.2869858738311545 0.23272325308004288 0.09729315651766246 0.0752579495445131
0 0.30474100039278346 0.27006948565684774 0.13182269262201593 0.10302085099579186
0 0.5120585967037915 0.22808042621568614 0.1286613311856975 0.09666172359113015
0 0.4081063740275462 0.3666667218618497 0.15086358411256368 0.15367561542376212
0 0.33973310304850324 0.4338244508104574 0.1412340540583344 0.10959823320977709
0 0.4521972624930319 0.3096007555271136 0.0879454275949012 0.07961806733052797
0 0.553142138956465 0.2849951143274538 0.08642837939029935 0.08737600362819702
0 0.5160506842342006 0.3477753673226787 0.13826359016268785 0.13605160580511538
0 0.6370626210024841 0.36606655425332 0.13364881303532491 0.1483879146981227
0 0.1905159156910446 0.02540677168436441 0.06271816861791084 0.039682548093234224
0 0.29585740066392996 0.050964821591697185 0.05344316256778665 0.056542665879249096
0 0.33038239158874366 0.026383973042976006 0.0548602168225127 0.031597229581579955
0 0.4135898013278599 0.0957093811176768 0.07063975292686617 0.058705366604888495
0 0.12472274404807164 0.05202134618646846 0.06457156010845858 0.0897371117955651
0 0.17984606040304618 0.11333335761921384 0.053415891490547776 0.05185516587924911
0 0.07621252117543473 0.06282987141421194 0.05824883723582166 0.07701885698624167
0 0.05870231342810829 0.11769842068857253 0.06142837939029935 0.08650298439090336
0 0.16160005445111786 0.16036212504240901 0.0864829215447771 0.09675100362819707
0 0.2328347050168519 0.13862602349846295 0.056595433645025485 0.061339293283910835
0 0.0532557684449602 0.24800347958157998 0.0738374757995032 0.07131449400955017
0 0.10870179254726116 0.25384674101432536 0.059774975799503194 0.07082342068857254
0 0.02382227761834238 0.33761905108845913 0.03320338544042356 0.06833333774894798
0 0.028122916476611505 0.5385912740466171 0.05496021077238853 0.04878472958158007
0 0.036321756737495256 0.4724578425582714 0.06597043364502547 0.06166667549789597
0 0.2906244791191529 0.1445511304847046 0.05812157220870704 0.05514385698624169
0 0.24803752420049685 0.07742562867060607 0.07385565651766246 0.07443949400955022
0 0.35002675019639173 0.14193705117327715 0.06442611436318471 0.06473711179556511
0 0.3874727289227612 0.018219298178052245 0.05005454215447767 0.011121038474587387
0 0.3612733224050987 0.08919399708959312 0.04403180113146821 0.04996528366526398
0 0.3104193495324618 0.09992067676384031 0.06595225292686617 0.05854167549789593
0 0.383380126561629 0.050114138922225104 0.08948974687674198 0.0765476310328588
0 0.15184221760807964 0.4944643065307547 0.04556703005422928 0.04533234736759475