0 0.7194906703877141 0.19241557914179147 0.12755141935425698 0.1261309687818067
0 0.6392060109582547 0.2327801735141614 0.13743584160399785 0.13739585099579185
0 0.568309160048632 0.18908722641671905 0.12271837014004525 0.12284227767481419
0 0.578940599047596 0.23253712605389937 0.13253001778268042 0.13254465988879932
0 0.5310852959044429 0.24672860082615586 0.11127144789030421 0.11152283175849816
0 0.47341834511865455 0.25187245781239753 0.06704625889134022 0.06629961179556502
0 0.4425343722069598 0.2944245455613455 0.08986732878371625 0.08737600362819702
0 0.3804196699734294 0.355282689208076 0.1323844685684686 0.12941965988879928
0 0.38925316852568737 0.4105331843987526 0.13899834160399785 0.13745041469812272
0 0.3647454741500399 0.43877723548721176 0.09967897642635144 0.09707838584218216
0 0.4540926104201355 0.34097216334736036 0.13394696856846852 0.12947422359113023
0 0.5087651478475228 0.3891442793192767 0.12904114474715095 0.12462303248413757
0 0.544634181345969 0.45362344157032874 0.15349748924663303 0.14731648801910052
0 0.8059312462759463 0.38502717587641405 0.1177397717116218 0.11642858656782167
0 0.7180288318840882 0.34584067950461117 0.1421961162111039 0.13912204210278442
0 0.7371769381703945 0.32013135137431004 0.08986732878371625 0.08737600362819711
0 0.6092338746881591 0.32851182496544024 0.18315075599585598 0.18111113466105583
0 0.5393194809744655 0.3059126278679979 0.1602569114963739 0.15847224282842384
0 0.6838593471855692 0.4354587402117171 0.12762419396136265 0.12769346878180682
0 0.7437651941662505 0.4951859150766409 0.12093754631872748 0.11810021397248338
0 0.8157729348606256 0.5795311440252486 0.17297523531769166 0.1635962524470706
0 0.7115777404849781 0.6105579439325813 0.1308947431755744 0.13092759618646851
0 0.6717125657540377 0.5610862227885219 0.1095633986760923 0.10834326805616748
0 0.6360254687733564 0.50051331053747 0.11603172249741008 0.1132490228654909
0 0.6230673963997809 0.44071172460262054 0.09640842721213971 0.09384425843752045
0 0.8395485750596627 0.4683654655321279 0.13401974317557439 0.13103672359113006
0 0.7711602940424159 0.4449304547323546 0.11119867328319835 0.10996033175849824
0 0.5697390351510758 0.3877975449283733 0.10287675103345731 0.09875001324684388
0 0.6400515351510758 0.38534217832348483 0.13231169396136266 0.12785715988879928
0 0.46012859470436973 0.4033630359426986 0.09313787799792798 0.09061013103285873
0 0.7488102208402709 0.6875098243324681 0.08496150496239867 0.08252481252120454
0 0.7302100781600346 0.7585862161651 0.09321065260503385 0.09217263103285873
0 0.580060220840271 0.6934027041842004 0.1601841368892682 0.15690974282842376
0 0.6161283074818702 0.7453545845840871 0.11766699710451575 0.11486608656782167
0 0.6676908074818702 0.7435539824071687 0.06533820967712849 0.06312004809323427
0 0.6937053438758003 0.6972593357652134 0.11944782092583353 0.11960815027015244
0 0.6205739048768363 0.6559919842212674 0.057161836641599 0.055034729581580066
0 0.6432280008240603 0.621552496835139 0.10792812406898662 0.10672620435383635
0 0.5910811499144375 0.5772047853097264 0.137363066996892 0.13583335099579194
0 0.524488655291121 0.5083208652541261 0.16345468610347993 0.16014387023308566
0 0.4896813157540377 0.5674428941100667 0.10294952564056317 0.10031251324684405
0 0.39794542596928545 0.529955306994091 0.16672523531769165 0.16337799763774719
0 0.4743944559530748 0.4576413081752172 0.08496150496239867 0.08252481252120454
0 0.4213079973094037 0.4939260377567972 0.09321065260503385 0.09217263103285873
0 0.3507771734880861 0.4916939043616857 0.1521533130679506 0.15194942431676955
0 0.34221765673886306 0.4591269410221745 0.04080909057054054 0.03886409255827132
0 0.2749809609154735 0.5444220894782286 0.14539389081820958 0.14079366950744615
0 0.5455717508240603 0.6249627282308176 0.10949062406898662 0.10678076805616747
0 0.48734187385958966 0.6348213670682247 0.09811647642635143 0.09702382213985139
0 0.4437887729499669 0.5901735551799924 0.09150260339082213 0.08899306733052796
0 0.4044929865560366 0.63693199329176 0.12755141935425693 0.12613096878180663
0 0.5176501120727653 0.6807142204262693 0.09477315260503402 0.09222719473518967
0 0.5786839654635875 0.7646601452911931 0.0817637303552928 0.08085318511654264
0 0.5530289939996347 0.7514706645284867 0.10949062406898662 0.10678076805616729
0 0.5224339654635874 0.7666244385751039 0.1568408130679506 0.1521131154237622
0 0.4568774319651415 0.7031819866683381 0.1013142510334573 0.0986954495445131
0 0.3192446912707664 0.6211284332176262 0.11766699710451593 0.11486608656782167
0 0.259340998342861 0.5950495720550333 0.08659677956950454 0.0841418762235353
0 0.23372241418246115 0.582641341292327 0.10941784946188075 0.1052182680561673
0 0.5108094148016337 0.8194592618960815 0.07187930810555195 0.06958830290255769
0 0.4452379187305751 0.8060986555428121 0.19623295285270287 0.19404764427970278
0 0.3719994718737283 0.7961358677011968 0.1619649607105858 0.1616518065307547
0 0.3817790403183624 0.8716988628918735 0.07685790653397521 0.07600199400955035
0 0.28202513523212913 0.7460664350317249 0.16687078453190335 0.16650299763774717
0 0.3833307700544827 0.7034027306778883 0.11283394789030421 0.11157739546082901
0 0.2455546341986718 0.6518724909295074 0.19110880521006773 0.18450895317271013
0 0.21114755500067073 0.7195882697854479 0.15542386228216232 0.15518355172143128
0 0.18903926860674064 0.7657465071715761 0.09477315260503386 0.09222719473518967
0 0.17722416521591847 0.6800818256832304 0.06050516046291676 0.059831356986241604
0 0.15168481782095233 0.7701810360275166 0.1127611732831983 0.11001489546082902
0 0.26409708064123394 0.8147717950131913 0.1928896290313853 0.18925101687504114
0 0.3604177706736552 0.9506968821291671 0.07856595574818703 0.07918155771188111
0 0.3315628705498207 0.9024057150687916 0.1586216368892682 0.15685517912609298
0 0.2643368291934919 0.8703223905666876 0.11603172249740998 0.1132490228654909
0 0.18782567906965736 0.8236954164274033 0.09953342721213972 0.09395338584218216
0 0.15455726074885776 0.7982514723251858 0.0833262303552929 0.0809077488188736
0 0.35861325227180235 0.5759324951058586 0.13892556699689199 0.13588791469812272