0 0.21458264475791636 0.35076147930042345 0.13906511284152787 0.13674779788867958
0 0.27635463972392327 0.4167098076279122 0.1565799211621529 0.1511103068171334
0 0.1695617386977428 0.30386315990138846 0.1406276128415279 0.13677507142762996
0 0.15309963089020803 0.37313531128136024 0.05755923328250008 0.05723184740221221
0 0.17600914760770797 0.42980805113509046 0.17551175911805567 0.15925008928453738
0 0.2294290075994443 0.21659103084255102 0.10865026101791672 0.1049796006486231
0 0.3001233673068401 0.2014120900953163 0.11991506933854179 0.11923301542127548
0 0.3489972784010068 0.18350756980277683 0.040080792553055564 0.04443183847375849
0 0.44817966080982624 0.18680193952612342 0.16769925911805572 0.15911372158978568
0 0.3868421173068401 0.20292577150706018 0.0639183360560418 0.06202844155801355
0 0.3779022219802428 0.2512269038123085 0.09742182028847228 0.0922886858759707
0 0.3124395697197914 0.31026493871534455 0.14531511284152784 0.1368568920444809
0 0.22966409052135398 0.2736495543815013 0.059158100873680654 0.0588216209411625
0 0.1371453629384371 0.4877472362002823 0.041570557370694504 0.04133411201270896
0 0.19032491432520793 0.4863307865245939 0.10854115824437507 0.10029210064862308
0 0.17982251899861068 0.5346046452908919 0.08314111474138892 0.08266822402541756
0 0.391708189210833 0.36323202597128706 0.1756935970739585 0.16706258928453738
0 0.25222550228111074 0.4795955913131323 0.18049019984750014 0.17183190990138844
0 0.34265113373999967 0.45616381980277687 0.14556968597979178 0.14779439204448086
0 0.28300272359576345 0.5004535620921391 0.07351154160312508 0.07156708279171564
0 0.17113719681027728 0.5719682775961401 0.043205792553055566 0.04448638555165907
0 0.20876448337940925 0.5671540925309483 0.10381729065319449 0.09864778003177221
0 0.2660321227220829 0.5579933267026357 0.07823540919430556 0.07321140340856669
0 0.2520053371028815 0.5897927516215578 0.07514677678548623 0.07471935633066593
0 0.5001590816876387 0.23694798985043497 0.12449346656499997 0.11462733603812651
0 0.5322273524892013 0.2023372106294418 0.03833645459715278 0.03659206493480811
0 0.588985845555347 0.2150514448011292 0.1261287017473613 0.1177796095770769
0 0.5784470826375692 0.26488780356742714 0.13423214247680554 0.13041597727182858
0 0.4212158108860762 0.2707405629029179 0.10058318787965277 0.09390573295387146
0 0.4968873049021525 0.31035821631148464 0.12460256933854161 0.11931483603812651
0 0.4140202535153817 0.3112564687471166 0.17721972948277798 0.16552736282348768
0 0.48614917344326364 0.3351809383083074 0.12184124525034719 0.13488528896022584
0 0.26671014884197897 0.2602279825468343 0.142262848023889 0.13992734496658024
0 0.35290222198024285 0.250790527189103 0.132560539703264 0.12570120373287824
0 0.5145099095755553 0.35912299877888876 0.11177526101791671 0.10503414772652384
0 0.4528632415475345 0.3885280807598255 0.09745818787965277 0.0938511858759707
0 0.45818521476204827 0.46208831168510206 0.11980596656500002 0.11454551542127547
0 0.39079899943131907 0.402294525971287 0.08950021751493065 0.08746481818121907
0 0.4076585379003121 0.45026442166921593 0.10061955547083343 0.09546823295387145
0 0.5859679886977428 0.311131558031654 0.115045731382639 0.11133869480442442
0 0.5812973660725691 0.37748326095375334 0.13103440729444457 0.12723643019392786
0 0.3338924231589232 0.5302598388775003 0.16904355357097228 0.14976599512873606
0 0.4965944045415622 0.42368037661991015 0.0975309230620141 0.0969761858759707
0 0.6595509590624651 0.30616341436232003 0.023983013867708357 0.02384660308425506
0 0.41790440045749955 0.5137502232113436 0.09429682028847228 0.09223413879807012
0 0.37509799819704814 0.5731837244291595 0.11649912860909728 0.10667846834337488
0 0.4173575801690273 0.6044024967502939 0.13245143692972228 0.12101370373287815
0 0.36761150009690924 0.6261996302733581 0.0559603656913195 0.05564207386326192
0 0.5621648531547914 0.42716961525582436 0.0878649823325695 0.08431254464226864
0 0.5472113471708677 0.4652054034052714 0.12947190729444458 0.12720915665497756
0 0.4765708856398607 0.5116479809219813 0.10218205547083344 0.09549550649282175
0 0.5325838430868052 0.5563934650936686 0.17086062670923638 0.16073076866768635
0 0.6027710161488191 0.4622673640380084 0.08950021751493065 0.08746481818121907
0 0.6282243046178121 0.5103872642001642 0.10541615824437507 0.10023755357072232
0 0.5287672056439925 0.6196338047852431 0.13419577488562506 0.1288534772718286
0 0.4575818834556592 0.6559064955324778 0.119733231382639 0.11142051542127547
0 0.3842346492232286 0.6843257759712871 0.12456620174736113 0.11775233603812651
0 0.612727897607708 0.43743100527171047 0.060720600873680655 0.05884889448011297
0 0.627899609138715 0.39002021712226354 0.118170731382639 0.11139324188232518
0 0.6097821227220829 0.5639935052717104 0.1261287017473613 0.11777960957707681
0 0.5222613260849647 0.6976769841683921 0.13594011284152785 0.1366932508107789
0 0.4557277895158327 0.7019866087630027 0.09258884992375016 0.08595686525911965
0 0.4669549238245132 0.7568922970746054 0.10868662860909736 0.10654210064862309
0 0.5994609121410064 0.6380622508074836 0.13739351006798622 0.1320330243497292
0 0.6474795316320481 0.6904838672844192 0.1327060100679862 0.13195120373287814
0 0.5068162044097215 0.7904139090873142 0.10697865824437507 0.1002648271096728
0 0.5546192311952078 0.7177809784863494 0.1037809230620141 0.09708528003177222
0 0.6141390483495479 0.7461747597359374 0.12151393692972227 0.12082278896022594
0 0.558215050249409 0.7983451858726754 0.12471167211208342 0.12400233603812652
0 0.5434609128065965 0.8613946107915975 0.1198787017473613 0.11767051542127546
0 0.658241725779965 0.36241341436232 0.04476829255305557 0.04451365909060954
0 0.6787172267298955 0.3893441071381496 0.0590853656913195 0.05569662094116259
0 0.6604750665856594 0.43435659820969585 0.0863024823325695 0.08428527110331832
0 0.6591112819163885 0.49295034820969585 0.12471167211208342 0.12400233603812652
0 0.7153430981207982 0.4947134456119081 0.07354790919430557 0.07312958279171564
0 0.6758253500206592 0.5471702439076248 0.08470361474138884 0.08269549756436803
0 0.6131201025861104 0.8235321465054124 0.09912979065319458 0.09856595941492108
0 0.6376291401051729 0.8450622731286179 0.08143314437666671 0.07639095048646745
0 0.6617219099568048 0.7837389894433979 0.11188436379145834 0.10972164772652385
0 0.6894104988626382 0.802979913144504 0.09749455547083344 0.0954136858759707
0 0.721750873387673 0.790257770692986 0.10716049620027786 0.1080773271096728
0 0.6876863043334717 0.7091617292971282 0.13597648043270852 0.1382557508107789
0 0.7146300108304855 0.726826516228759 0.08790134992375016 0.08587504464226861
0 0.6542581681249301 0.6007219379012703 0.10061955547083343 0.09546823295387127
0 0.6905950584175342 0.6177691160666032 0.10857752583555573 0.10185460064862326
0 0.7284957551309024 0.5676287942319362 0.09902068787965276 0.09387845941492116
0 0.732836456593923 0.6497691383877378 0.11017639342673605 0.10344437418757338
0 0.6311707327138192 0.35021737743068904 0.028779616641249995 0.028615923701106105
0 0.6432895262168052 0.3332344289728166 0.0559603656913195 0.05564207386326192
0 0.6377305104492359 0.30343783481701525 0.03997168977951393 0.03974433847375849
0 0.654664090521354 0.28106795697599385 0.03840918977951393 0.0397170649348082
0 0.6685077317638887 0.324295805596022 0.04473192496187508 0.042951159090609536
0 0.6282106932948957 0.275916806813838 0.041570557370694414 0.04133411201270878
0 0.581349304617812 0.5095690580316541 0.04800239532659738 0.04925570616851012
0 0.6151099748300345 0.33508725527171046 0.05425239532659738 0.04936480032431154
0 0.760688046449687 0.695586198858319 0.08946384992375016 0.08590231818121907
0 0.3745993032866319 0.057340536117556774 0.10548889342673622 0.10336255357072244
0 0.44403898109829854 0.09606784537032206 0.11682643692972228 0.12074096834337482
0 0.527015135258611 0.09048209293469009 0.08790134992375016 0.08587504464226872
0 0.4878260018998611 0.06166161769145641 0.080016114741389 0.082613676947517
0 0.5312129791984375 0.04444289001259076 0.10007404160312508 0.07203073295387141
0 0.6283243685411112 0.035977599427511844 0.09960126291777768 0.051718232953871415
0 0.6156418773748263 0.07717929788538429 0.10378092306201392 0.09708528003177208
0 0.5739998912425347 0.05300541233372511 0.08473998233256949 0.08425799756436803
0 0.6917147213146528 0.032394677755000614 0.10094555737069441 0.04237050649282177
0 0.6763072736513541 0.05635432913497238 0.09422408510611113 0.08910913879807007
0 0.7225640246012845 0.08373503530348259 0.09902068787965276 0.09387845941492108
0 0.7342652440160764 0.05111345007613496 0.08771951196784719 0.0780625446422687
0 0.6462008931423957 0.10741226866439109 0.07507404160312507 0.07159435633066598
0 0.7078098871584722 0.1467844602224047 0.09593205547083343 0.0953864123370204
0 0.7711827093468056 0.1103754017804183 0.10225479065319458 0.09862050649282175
0 0.6487069908819443 0.16763670251176693 0.10385365824437506 0.10021028003177213
0 0.6039036371584722 0.14497076988220708 0.07994337955902786 0.07948867694751698
0 0.6907847348980207 0.2066679748329013 0.11359233415618064 0.11599892126547413
0 0.7651314246775346 0.16888733116356727 0.11508209897381967 0.11290119480442447
0 0.7586989335112498 0.2101981237772411 0.10072865824437507 0.10015573295387144
0 0.8088093427055554 0.13916860348470161 0.07354790919430557 0.07312958279171564
0 0.773563480148368 0.07524642531936862 0.06086607123840278 0.06509889448011293
0 0.4281970819719792 0.03795533644186832 0.07173083605604166 0.062164809252765296
0 0.40515962547496526 0.020358733357613228 0.08968074905006951 0.02811709172016938
0 0.3775047913187846 0.1339848567344078 0.09905705547083343 0.09544095941492108
0 0.3503630227014236 0.024091659494351325 0.07739895459715278 0.03727390340856666
0 0.324799325038125 0.04787403287114589 0.09727634992375007 0.08603868587597074
0 0.24696265292604153 0.16843990300152958 0.07187630642076392 0.0684148092527653
0 0.45715788335875 0.03611614691244962 0.0700592332825 0.05745003571381496
0 0.6322266992788192 0.23769010389173867 0.05752286569131933 0.05566934740221221