0 0.5461908470534633 0.3082346444710232 0.17720662822814398 0.1889020757475836
0 0.6286369963168292 0.3928967843412326 0.29179328813517136 0.3009291344889352
0 0.4762664771231927 0.2446915892212564 0.17731588887180574 0.19046457574758355
0 0.3673338735365669 0.3002363855981642 0.16662976114786493 0.17039700542224862
0 0.30483959135348015 0.23012660507728494 0.1554737398605413 0.1657348400426913
0 0.7034952486626176 0.2900715915216633 0.22125155917039335 0.2213936422115907
0 0.5837294158591122 0.20197618542568235 0.16895708565349707 0.1815541004764711
0 0.2405417805936029 0.3598690250986306 0.19036219209011432 0.20003383618136344
0 0.4607717891435777 0.49695933535992864 0.269262724273201 0.28847980372982035
0 0.21341618790274045 0.47965366381863656 0.16684828243518834 0.17352200542224874
0 0.4198293509118612 0.6786443172034932 0.1884719101591291 0.19512674112714096
0 0.3492990575809095 0.4597676441012801 0.1151329631253363 0.11983955874135152
0 0.6379237870498906 0.6385260096123451 0.1669575430788502 0.1750845054222486
0 0.5720917013963938 0.486836836510132 0.14220891535490915 0.1530405796089113
0 0.35635317884856255 0.14320513559816417 0.17509782500983526 0.18086998069336108
0 0.5180008730323639 0.13074309501324805 0.14889595792955604 0.1601689598258013
0 0.7580463548471335 0.22402427698832 0.18389367080279087 0.1960304559644735
0 0.4070855163436449 0.09317563522842118 0.2641710326872898 0.18635127045684236
0 0.7387543135329941 0.5912202360336609 0.20006497402109957 0.20603890650669854
0 0.6381698054872226 0.5856332719767888 0.12996028763096845 0.13275341422935405
0 0.5266642229358187 0.5705361757723629 0.10332137797604232 0.10580239336179424
0 0.5321383267745461 0.6036907356639178 0.040231516091543365 0.044332781301339705
0 0.5630716164992015 0.5496408944710233 0.05829310124083733 0.0592483268977869
0 0.6136140217915266 0.08987112497951279 0.2094071230323639 0.17974224995902557
0 0.40750504148936617 0.4121409369866032 0.29469976684784793 0.2982433245973802
0 0.23840049036474445 0.2615539899359631 0.17553486758448217 0.18711998069336105
0 0.36025797293581874 0.5939230490470576 0.13508483020561535 0.13966219939202135
0 0.4927498647344907 0.08279133112885781 0.25112472946898123 0.16558266225771562
0 0.4437007235168965 0.005582713276411655 0.11240144703379289 0.01116542655282331
0 0.5740655667119621 0.03300246713773944 0.24188113342392406 0.06600493427547888
0 0.6436835700661567 0.17934947831100534 0.19425201659574648 0.21141052628980844
0 0.7282881630091207 0.12564590527454608 0.19359645273377596 0.20203552628980842
0 0.6893792102753447 0.005409536682613914 0.13188342055068922 0.010819073365227827
0 0.6651111837922411 0.01756747679105889 0.08994729282674854 0.03513495358211778
0 0.7701535988950488 0.07225074726838845 0.2100955378830701 0.1445014945367769
0 0.769875093447167 0.0429728732337204 0.17934828243518836 0.0859457464674408
0 0.8457927372626513 0.05174186144437833 0.11324268119435103 0.10348372288875667
0 0.40680628293939136 0.24419752160704578 0.15369271857321784 0.1623902449884687
0 0.44313191300912075 0.1657220026701499 0.12192926634364487 0.1285304389582415
0 0.315203654963349 0.1639779520621713 0.1431158514929388 0.14388517466313386
0 0.6627056297407531 0.5190707634736729 0.15725476114786474 0.16907943509691387
0 0.6189399322027572 0.3106332719767888 0.13875613342392407 0.1479138895004664
0 0.7163280204541442 0.4397421989403295 0.09550887797604232 0.10470441809068168
0 0.7353072494189223 0.508078343452327 0.16550430372251163 0.17642741036802612
0 0.7824389755337088 0.5164440393527638 0.09572739926336578 0.10782941809068163
0 0.7943983901323134 0.4279811962292053 0.1307251121366006 0.143690914229354
0 0.8030524882710575 0.34866109074120283 0.11211722376899794 0.12096286863290659
0 0.6861709908689475 0.34694237475366685 0.08983803218308672 0.08998313292801426
0 0.7305219244090871 0.34938746323543723 0.03499771287323483 0.03586149613867225
0 0.7374656930985205 0.3697126305456585 0.08860331411407199 0.09445103787379186
0 0.7645202299731844 0.2601940393527638 0.07668246832111639 0.07885137249423443
0 0.7639689368943342 0.10564167150031764 0.19951867080279087 0.1982264065066984
0 0.8484471157428967 0.2870563465331945 0.11011768119435103 0.11449327357868419
0 0.8378095365456876 0.4621154748194206 0.08515053218308673 0.0893243477653467
0 0.8880616367781187 0.21048538748785367 0.12716306956195353 0.137001724120909
0 0.8949347136295394 0.12825987705407377 0.13563113342392405 0.14747469939202143
0 0.9140064137654254 0.32202254436429506 0.14355289406758587 0.15013517466313386
0 0.9227813901707507 0.26671426113229146 0.15443721965849874 0.17730579058491616
0 0.9466935916055818 0.21407912048162164 0.07021394703379294 0.07484799227734447
0 0.8840018395118946 0.38935363555718977 0.15859873986054113 0.16617403015113624
0 0.8383615575809096 0.39103439212964186 0.0766824683211162 0.07885137249423435
0 0.8848705708224613 0.36793049297585606 0.11836722376899793 0.12184124884979655
0 0.9538512556999832 0.15219144466828433 0.09229748860003362 0.14171455874135158
0 0.9232893065725033 0.082461725969624 0.09150979282674854 0.09176522798223677
0 0.6095424249132902 0.5147084477901261 0.12894409084927716 0.14034631917513138
0 0.5248992631646772 0.6694001985705865 0.14031863342392406 0.14813348455468897
0 0.5775761489343897 0.700654406835467 0.12360102698730664 0.1303125340124641
0 0.6565370292562205 0.6903461065972314 0.09507183540139544 0.09845441809068163
0 0.7124210424977724 0.6659246371181107 0.06363616510280767 0.06928211206045454
0 0.7068212525210155 0.6422548747536668 0.06854218639013113 0.07306589722312182
0 0.29575344050063046 0.44993657841773355 0.09496257475773362 0.09689191809068162
0 0.829849207096377 0.5626391278345342 0.0984153566887187 0.1020186081991266
0 0.8780242631646772 0.6197717163163046 0.12516352698730665 0.1305321290666866
0 0.9296138963364996 0.6693240671625187 0.09550887797604232 0.10470441809068162
0 0.9541618841802286 0.6218536185509578 0.09167623163954275 0.11161320325334927
0 0.9397540848203179 0.5661272715660713 0.09005655347041 0.09310813292801434
0 0.9778836074450237 0.5343578268158382 0.044232785109952745 0.11229732303645931
0 0.8158295378061954 0.8360006239732064 0.07177644703379293 0.07506758733156679
0 0.779772069485079 0.7716425250576562 0.07690098960843983 0.08197637249423444
0 0.8387589394153497 0.8367227456869802 0.045465319309852245 0.05280406646400735
0 0.8310667717146518 0.7944127808496478 0.0751199683211163 0.07863177744001178
0 0.781602367255506 0.7414060374220999 0.0699954257464693 0.0717229922773445
0 0.8228118753012778 0.7553376135394265 0.0766824683211162 0.07885137249423443
0 0.8584269472090199 0.7795225698736431 0.06174588317182241 0.06437501700623187
0 0.8402782447273452 0.6779347352532005 0.12160148441265975 0.12384293895824143
0 0.8522319415090365 0.6683654748194205 0.08493201089576345 0.0861993477653467
0 0.9341103721991846 0.6095225443642951 0.04859031930985225 0.05324325657245197
0 0.9015274651421485 0.5722886003945222 0.09852461733238087 0.10358110819912678
0 0.9432327789165056 0.5039819987678478 0.11353444216698882 0.12140205874135149
0 0.9122903664992015 0.5005613998522975 0.0819162715394249 0.08732265765690173
0 0.9902361419738988 0.49499126885494704 0.019527716052202493 0.08668920711467702
0 0.9847836354791737 0.5796576595056169 0.030432729041652708 0.07062501700623205
0 0.046813923904883994 0.29715793160532894 0.04055929802252858 0.04902028130133971
0 0.09001762068657533 0.2831967700870993 0.09005655347041022 0.09310813292801426
0 0.08381689716967888 0.2509332577226556 0.06396394703379285 0.07396961206045453
0 0.12086342910066408 0.2504602739484271 0.06018338317182246 0.06415542195200956
0 0.12109302204362811 0.20861483383998217 0.05349634059717552 0.05702704173511959
0 0.144814745308423 0.16425671791819987 0.0502620799535138 0.055025351626674636
0 0.15577402464151816 0.18559539759286497 0.06174588317182246 0.06437501700623201
0 0.16615986758448217 0.1423225896319738 0.05851162252816074 0.06237332689778703
0 0.18802951374575488 0.10532511629152527 0.056839861884498966 0.06059123184356454
0 0.18122749271053296 0.1772845791981939 0.04502827673520513 0.04655406646400713
0 0.19750270273377604 0.15054048607463533 0.038559755447881636 0.04255068624711722
0 0.21334087018237224 0.11754639295107674 0.04491901609154336 0.04499156646400713
0 0.44550705808511265 0.5945649161190435 0.20318997402109956 0.20647809661514352
0 0.8196122855372815 0.16803608223808683 0.08347877153942491 0.08754225271112434