0 0.10200046633565249 0.8655134296965581 0.030250493747733607 0.08147314060688374
0 0.2565987766285258 0.8970190369636428 0.07737419080691268 0.0729270590935542
0 0.15672548416589047 0.8838968968158014 0.08535091617451526 0.0751272878817268
0 0.9709080672682575 0.753159916481325 0.058183865463485064 0.09087983363936125
0 0.9956640882246287 0.7120088869345478 0.00867182355074263 0.0801337812137671
0 0.9770242827075675 0.8743014639059495 0.04595143458486497 0.06760183030538158
0 0.969218407142565 0.8624869901187466 0.04193408492527055 0.04524859818322895
0 0.9772753387745217 0.818960259663584 0.045449322450956585 0.06476387272903601
0 0.9798044320650184 0.8256248478448731 0.04039113586996308 0.08960437606301604
0 0.11989653968295164 0.8033802204532229 0.07983757132095196 0.0963645590935542
0 0.23309803600692547 0.7783806072670846 0.10187679668855454 0.09971269970043757
0 0.36266590549288613 0.7441654907469664 0.10351905036458078 0.11533769970043757
0 0.2662061869274429 0.7260369862050384 0.11355566985054147 0.09292056576151389
0 0.4336282299399713 0.7895898189263159 0.07482633860129688 0.06342451333591974
0 0.3208889689118927 0.7515154762030989 0.07950912058574673 0.09323955909355419
0 0.44453057111750843 0.7508781342287878 0.10450912058574673 0.09528029121570665
0 0.16759974354429008 0.7624524604512832 0.09069531764492571 0.08175992515463033
0 0.10769454961124425 0.7397641306049438 0.06824316985054146 0.08922173879011233
0 0.10556433784796042 0.6895090390896748 0.0741647191153362 0.08660692182065048
0 0.1608242676267945 0.7054849833301006 0.12218929668855454 0.10137079454968649
0 0.07420650237279672 0.593574656817741 0.029842289336502147 0.062850686364518
0 0.0877293724086504 0.6247768593931164 0.05064746543931002 0.06919628121376711
0 0.11535933729806742 0.6327648315133294 0.09003841617451527 0.07550992515463051
0 0.18608004170929887 0.6459028181774098 0.0986673249969781 0.11339256242753386
0 0.25831865126696696 0.6809795777203076 0.12736947279136238 0.1064409318225902
0 0.4398501481408338 0.7063468842287878 0.1215323952181441 0.0951207945496865
0 0.3579972775550871 0.6247777619587938 0.12408024742375981 0.10462334030732094
0 0.25783541119525955 0.6164068946897695 0.13115137426177287 0.11294602333785911
0 0.4271132461205303 0.6451383172593259 0.16429232499697816 0.11874948424818452
0 0.10961144943197576 0.5780773315133294 0.10492204301252835 0.08447033697334128
0 0.08029699502074432 0.5615593822719338 0.04793538786609166 0.05813123545613248
0 0.11032002277927491 0.517347125603974 0.0726022191153362 0.08647937606301603
0 0.18078495310800197 0.5880265452985926 0.06989014154211785 0.0754143303053814
0 0.14238879060951287 0.5375800062089178 0.07778239521814405 0.09154951333591957
0 0.2255672591749561 0.5567926496907393 0.1627251069814279 0.1480543469752808
0 0.3307028404242006 0.5750009025656773 0.13994922646738858 0.12295875212603188
0 0.445668579946015 0.5742838122583561 0.19767253676026192 0.17104530788560607
0 0.5589052350924517 0.5871030634663041 0.1356699308786201 0.14119856909549391
0 0.16057343785400416 0.4706955240867653 0.07959359227732313 0.07930460485118865
0 0.6981671192825172 0.6151328554309168 0.09472591617451513 0.07589256242753403
0 0.6345057466704234 0.6841536645244709 0.12950912058574673 0.09732102333785927
0 0.7368707277403993 0.541057755580698 0.1295044025701964 0.1267534318225902
0 0.7002857623010893 0.47785612497575414 0.09538281764492566 0.08214256242753404
0 0.23388423031663952 0.48598594211439394 0.11964144448293883 0.09186824879205205
0 0.1545862889598339 0.36875038681386163 0.08699316985054147 0.0907522878817268
0 0.15079495145832297 0.4226406613596689 0.04037158492527073 0.04512105242559432
0 0.17053030366393868 0.4304851122680544 0.049910810292873364 0.047448826971401556
0 0.19544819098013738 0.42766313014590185 0.06717806396889951 0.06434928454774695
0 0.30489586763283827 0.4794013601420225 0.21617383970108292 0.18494831121958608
0 0.6454269599101613 0.5256716137658665 0.14208415624622256 0.1432712521260319
0 0.5288635615658841 0.48869738543673585 0.1957815860250566 0.16779276212797142
0 0.4230734378540042 0.4492678368041633 0.14430355771663309 0.14964879788366633
0 0.19640310237884046 0.3692766742365465 0.0762198952181441 0.09142196757828494
0 0.20980398289287977 0.3918213539331047 0.07843929668855454 0.09779951333591956
0 0.2911759724146942 0.39384649741492617 0.1776979235265676 0.11364739606689529
0 0.374689968738668 0.37127025362384397 0.12144792352656761 0.10905574879205204
0 0.5850878387745218 0.38640169073726804 0.20811736065745415 0.16725062818904793
0 0.6674522575252771 0.35288794694618586 0.14200912058574672 0.0983413893989356
0 0.2768765703943907 0.3327654762030988 0.16881088161382526 0.14700203000581896
0 0.3859700735205239 0.283674658774595 0.16214324117149329 0.18673420970237725
0 0.4867442464971986 0.32036184468007106 0.17949024852354575 0.21913212152108805
0 0.3389402841840218 0.22605334847309294 0.11001302940820956 0.1329078369733412
0 0.3819630650686855 0.14059433847115327 0.15458415624622263 0.1442916181871082
0 0.42031935072916154 0.18316460468201073 0.12012940257019653 0.12598815727678297
0 0.5155027841840217 0.21164067786039045 0.1457018323490306 0.14821384364130097
0 0.5890997915360742 0.23715111876683634 0.10771387426177288 0.11103283697334118
0 0.484926198708858 0.1156425227096394 0.14043718455464624 0.15707866061076287
0 0.5690126248116659 0.11350632467619177 0.1256333113926594 0.1636157030344175
0 0.628293717088989 0.18273481467425207 0.15541000109978603 0.12267170970237724
0 0.6475691930064846 0.23868192573435856 0.11125179668855445 0.1004779742462448
0 0.642278596126574 0.4132513620988766 0.0889685922773232 0.08006987939699588
0 0.6150757077105894 0.30437056967522197 0.0950543669097204 0.07901756242753404