0 0.19188248747094627 0.35863577283992143 0.13712303248413762 0.13039790818602892
0 0.1442336719545169 0.3116888517635938 0.10316469473518963 0.09586577792830413
0 0.09333834926651137 0.4174165513340524 0.1627777969121079 0.1504581026681049
0 0.10127238955519728 0.5106309627994416 0.17275299763774726 0.16813692559888338
0 0.10253727839260438 0.5691837692218769 0.06117560217691827 0.05467421189493056
0 0.233395408792491 0.5425094838303408 0.1632143065307547 0.16295810266810484
0 0.1822347020764018 0.5959753205559293 0.13416172359113018 0.13492163387576941
0 0.3565675247644073 0.496716706240721 0.15507442431676957 0.15317366689245623
0 0.18895094962933107 0.4310054177969674 0.1965178798517324 0.17874023292582972
0 0.15911217140636272 0.5144420375392424 0.151403787293461 0.13738489258219672
0 0.3439236479078998 0.2909613511977669 0.10187501324684387 0.10359639077317437
0 0.26331105416850203 0.32728727555345494 0.08866568511654283 0.08262879353213641
0 0.2763790277596322 0.45586265490666855 0.10645338584218215 0.10071705223856356
0 0.3443552122432028 0.41497538330994255 0.12402283175849815 0.11255531094499087
0 0.2784747518989166 0.38188956637205784 0.11933533175849824 0.1123096494796016
0 0.34155510525696114 0.35712193973237766 0.13772323320977709 0.14758540818602892
0 0.424821473042976 0.3521279025318194 0.10790675843752044 0.0976739393936934
0 0.5083408119730504 0.3097157524863908 0.0966418762235353 0.0877257293077851
0 0.5114955499073328 0.13208207541716935 0.06797123920022674 0.07062676051544957
0 0.6077529910143253 0.1418056354576491 0.08699405771188111 0.0794219063770066
0 0.6729687632468438 0.1335261459730987 0.14638890507947586 0.1277642311168074
0 0.591803098000567 0.19867643317365696 0.08888393992586607 0.08887879353213637
0 0.418139908707673 0.22778632179912472 0.08861112141421187 0.08106629353213639
0 0.44229666052177147 0.27194243554850617 0.06931548439090349 0.06445864767057934
0 0.5266617368379741 0.25374903550307765 0.09686013103285873 0.09397572930778511
0 0.5750992368379741 0.2562875373120999 0.149841287293461 0.13730300542706694
0 0.26942467802978465 0.5693519448207602 0.11777283175849824 0.11222776232447185
0 0.44250253556418057 0.43415583050555207 0.11799108656782162 0.11847776232447185
0 0.5349529303920374 0.42418436623577216 0.1550198606144388 0.15161116689245618
0 0.47576641414996856 0.35947673507353634 0.11777283175849824 0.11222776232447185
0 0.42279767077339053 0.40582943464399507 0.10467263103285873 0.09438516508343393
0 0.5485764315731638 0.3453566813646346 0.14073910580511537 0.14462418249628844
0 0.6455655042611692 0.24204465287050364 0.10149306733052796 0.09265889077317438
0 0.6605803798517325 0.20306071799936604 0.11286707694917482 0.10573210085908266
0 0.7110516058051154 0.17451299411864785 0.11281251324684405 0.10416960085908258
0 0.7205382224100039 0.24519398631673175 0.1401934687818068 0.12899918249628842
0 0.7045610475450801 0.30128353403273955 0.1483879146981227 0.14034611827193721
0 0.6840427056197809 0.3836489767057933 0.1676835517214313 0.1569537641334941
0 0.6284102645127883 0.3760544826986871 0.14978672359113004 0.1357405054270669
0 0.2972198066155728 0.4943862443457904 0.07890873920022674 0.07119997060135788
0 0.3170635698624166 0.5936835594746529 0.0712599303072194 0.0754780348257091
0 0.35388152358328095 0.5761176011977669 0.09696925843752044 0.09710072930778502
0 0.36511168946253003 0.6297339241285455 0.08414187622353539 0.08707063206674696
0 0.41470989617861925 0.5761862002478273 0.15005954210278444 0.14355300542706678
0 0.4655283517135821 0.6022440892119792 0.08904763103285873 0.09356629353213641
0 0.4310739953603126 0.6651634910664301 0.17905756134007814 0.1700269742194024
0 0.48830614200226796 0.6962364286511011 0.1643948606144388 0.15210248982323477
0 0.5227580091553107 0.566252357529345 0.16170637023308565 0.16443871551297526
0 0.5567212921876025 0.48927045567489413 0.13912204210278442 0.14297979534115868
0 0.6421850770339927 0.45787769278459545 0.16940974282842394 0.1617231512886239
0 0.6968626533501954 0.4381284367917015 0.16768355172143146 0.15695376413349424
0 0.7188939099736174 0.4884117198083883 0.05643353847458741 0.05286605042954129
0 0.6925422302993701 0.5377190010160529 0.14326390507947587 0.12760045680654794
0 0.609575962876175 0.551306788216611 0.10974207694917482 0.10556832654882306
0 0.5718428390997103 0.6319902221832375 0.14386410580511538 0.14478795680654793
0 0.4373909388295578 0.5110901447299032 0.15636410580511534 0.145443054047586
0 0.6336037068009072 0.30146391847433585 0.1384127139724832 0.12266729534115868
0 0.5099554527093739 0.7355822116677879 0.130327395460829 0.1144453595655099
0 0.5749703282999372 0.6992186657608024 0.08090774881887378 0.08378185775648764
0 0.6348165542533201 0.6711622648108627 0.13270835099579195 0.13796474672063966
0 0.7029936353788461 0.6583590496365719 0.12273315027015244 0.12028592378986111
0 0.7461707165043721 0.6442456399802048 0.0613938569862416 0.06092421189493056
0 0.789313081295162 0.6738003431687082 0.10053076805616748 0.10976450361804453
0 0.7507242964487717 0.7076497207128994 0.14564486061443863 0.1511198439616777
0 0.7035516852861787 0.7636640253263123 0.13298116950744615 0.14577724672063966
0 0.6569842201325692 0.7253517978275494 0.10979664065150559 0.10713082654882307
0 0.5865824400955022 0.7637724886915809 0.1325446598887993 0.13327724672063965
0 0.5395536726723071 0.7792436804601234 0.08241568511654282 0.08230124491161739
0 0.7704118030721936 0.7578101729968916 0.08559524881887377 0.0840275192218769
0 0.684466868588623 0.7977557423096255 0.10543652286549073 0.1162601650834338
0 0.6171975230351269 0.7918908446390461 0.120952395460829 0.11395403663473136
0 0.7379018595181304 0.5861055913596859 0.12267858656782167 0.11872342378986112
0 0.6713145602437699 0.5997719436891066 0.14989585099579195 0.1388655054270668
0 0.7558705432839108 0.09576055235010528 0.0582688569862416 0.06076043758467105
0 0.7922891929210911 0.08909115049565444 0.04015377404661713 0.033297178878243794
0 0.8106944525397379 0.10253285277964659 0.03412202885594055 0.03921963025772479
0 0.7836706502701525 0.15492419040974617 0.061502984390903494 0.06404921189493056
0 0.8116493173305279 0.1298766027796466 0.0597222295815798 0.057717324739800804
0 0.8385218413771451 0.1624777408392875 0.0551438569862416 0.06059666327441158
0 0.8488789880191003 0.19109406377006602 0.058105165879248945 0.05607293758467109
0 0.8072817650609425 0.18345530415912759 0.07265873920022692 0.07087242198083885
0 0.7846900024470708 0.20644574683218128 0.04059028366526398 0.04579717887824382
0 0.7454712458236488 0.15526170510906728 0.05325397477225646 0.05113977611928178
0 0.17388897793711744 0.669620860470021 0.03708333774894799 0.034695904567984215
0 0.1840898679556509 0.6491003205559294 0.0465674651536097 0.03831222749876275
0 0.2267684412766286 0.6653737737444325 0.05169147477225646 0.0510578889641522
0 0.19218511015110257 0.6799375627540132 0.03077877404661713 0.03280585594746519
0 0.21719503383489996 0.7038630636585244 0.03557540145127884 0.03617651741285446
0 0.26288947975121596 0.7171752911572872 0.05330853847458741 0.05270227611928178
0 0.2928671564302383 0.7047095906823173 0.05347222958157989 0.057389776119281775
0 0.30426595869982376 0.6514993815009202 0.04845734736759484 0.04776911465389251
0 0.2869321257601992 0.6240770663720578 0.053472229581579975 0.057389776119281775
0 0.26783738537884605 0.635553476932936 0.035684528855940555 0.039301517412854634
0 0.254920723127794 0.6676289925367682 0.046785719962933035 0.04456222749876275
0 0.20842766904410998 0.6761098778828756 0.05018353847458738 0.05253850180902227
0 0.23946933791858402 0.6941129274079059 0.04204365626060227 0.04275406603337366