0 0.5494166842239074 0.48983054613412824 0.11301004091140214 0.09446705223856355
0 0.4521089818312792 0.4839291061746079 0.15657809880792328 0.16510045680654795
0 0.35383979140179256 0.5330836584131715 0.158147415074406 0.10925989258219673
0 0.45860462992056644 0.6061725983726918 0.12794135382990035 0.08903592378986111
0 0.46502293949107987 0.649840711217562 0.13627411914102683 0.0941328595655099
0 0.5533084496576316 0.6098531190649067 0.09617108851877383 0.08271068068726617
0 0.64714686460944 0.5915767526019918 0.12325385382990035 0.08879026232447185
0 0.6777984087462293 0.5137483237237481 0.1183895239262835 0.11494332654882307
0 0.38710203446062796 0.400898600181714 0.1515505715336551 0.10580734396167765
0 0.3379691433125053 0.41133148914586615 0.18557702392628334 0.1184644742194024
0 0.44196806843086556 0.3571618882867835 0.07429779258539462 0.06758364767057934
0 0.3553394374492947 0.33419910108622525 0.15884280622252867 0.10152927973732648
0 0.30308154630117207 0.3447957643606368 0.1171755715336551 0.10400582654882307
0 0.3352071754861529 0.280248585482393 0.13089122799290412 0.10161781094499087
0 0.3638558489305208 0.255173342379798 0.1628315069411646 0.1374667797373264
0 0.28764445263782357 0.22694984509333144 0.12290530622252867 0.09964587516934212
0 0.2386042366080611 0.18865862901452934 0.0718681837335172 0.05968926051544958
0 0.2835724491672412 0.16194232078307194 0.15345480287454388 0.15095606965141814
0 0.24833630454853628 0.10642598315297233 0.11891319737065124 0.09166960085908263
0 0.2679568215336551 0.08496706298115582 0.06978541842239068 0.054919873360319824
0 0.33722879091140223 0.07190714100031699 0.13870031985966272 0.12998847241038014
0 0.3743870595705134 0.025778509724509735 0.05884791842239077 0.05155701944901947
0 0.425334915074406 0.08377691683668535 0.1452920512005516 0.1675538336733707
0 0.40370726723031397 0.1894354777259054 0.1262020239262835 0.11535276232447189
0 0.4498757996491568 0.28681176673548603 0.1262003198596627 0.1293333751693421
0 0.5104511195088195 0.40779265208159343 0.12272847631891182 0.12604460085908262
0 0.6156478083869115 0.4989322291962434 0.14355953756341755 0.14577724672063966
0 0.36795000526717225 0.1363038336733707 0.13644242871154005 0.13763719810012062
0 0.377979498816398 0.4673834153105765 0.08019924497802293 0.0787668091359686
0 0.34099891209421407 0.4811084006112553 0.03558554425938691 0.040700243102595124
0 0.3585341076682754 0.4762604483272632 0.038883966029762365 0.042426517412854636
0 0.3205954410424746 0.5167526515157665 0.08888226196314175 0.0590275192218769
0 0.4068755244166738 0.5507348258714546 0.1260320102891493 0.08582903663473136
0 0.4936792812352408 0.5611157259168831 0.09443687081501917 0.06708568068726599
0 0.5539162778872561 0.6082496754873418 0.09617108851877383 0.08271068068726617
0 0.4917377569411646 0.10467097410786082 0.11613333684478153 0.1086114393936934
0 0.47445672978949405 0.1613680314348071 0.099988071533655 0.10310506784239588
0 0.546329173689563 0.1788178030315331 0.15275941172642113 0.1586866824962884
0 0.6134299628043752 0.1745154053609538 0.11335858851877383 0.0836114393936934
0 0.5451891516824672 0.27474445669500625 0.14668964976327956 0.10399918249628844
0 0.5849376704641759 0.3425970200148464 0.173420459333793 0.14889560266810503
0 0.6531776295527736 0.24944016225835872 0.054333840192766304 0.05566350180902226
0 0.6200208421119537 0.22681821178338893 0.1402645239262835 0.11608974672063965
0 0.6351179085010342 0.28496158243017533 0.04304949665201541 0.05196529172311397
0 0.6537743813493636 0.33977523518913727 0.12012714976327957 0.10260710085908258
0 0.6644577129269729 0.2873529200602749 0.08488844904464372 0.06503185775648763
0 0.6932687317086816 0.3557786934660232 0.0706525272742681 0.06273237336031982
0 0.7292079357753023 0.3397509017429092 0.09912096268177777 0.09529256784239584
0 0.6026386195088195 0.4029613099289381 0.13366768038553242 0.11263719810012063
0 0.7015980888865666 0.388345532000634 0.05242449665201523 0.0524566146538926
0 0.7456940803940072 0.39624988523456584 0.07134621435577007 0.06898237336031983
0 0.7977794018050648 0.37701852838258937 0.07013396602976255 0.04406426051544958
0 0.8370952181941451 0.4338926481248645 0.10224596268177777 0.09545634215265539
0 0.7949094222607658 0.4219592141582381 0.13575044569665895 0.11740658525525038
0 0.7892578781239765 0.4984774485544058 0.11908661914102688 0.09323210085908258
0 0.7958470533649342 0.5649246421319708 0.14408491507440607 0.10852290818602892
0 0.6468042812352408 0.5530907847141674 0.0718681837335172 0.05968926051544958
0 0.6935194919978309 0.43591657281923685 0.1534530988079233 0.16493668249628843
0 0.25745608758036703 0.7833027436684219 0.08453819737065124 0.08986808344622829
0 0.22090309105094935 0.8504393340120551 0.09599596268177768 0.09512879353213606
0 0.2773282168879455 0.834909509272254 0.06700726196314175 0.057881099050060315
0 0.1952927067213938 0.8745695528043905 0.04756187081501908 0.06462906603337366
0 0.24788551294392241 0.9661085996158872 0.0730838401927663 0.056646147670579336
0 0.2911994024180527 0.9811260900049487 0.06458106124450573 0.022025486205190247
0 0.30951840409204506 0.9550206134106972 0.08106805789652097 0.07259869629109836
0 0.23895088363634392 0.9139286239261466 0.08696951028914937 0.08378185775648746
0 0.29173074416221373 0.8938750734966053 0.07742108851877383 0.08172803482570927
0 0.3117873716732022 0.8551058225920943 0.06943687081501908 0.06577548620519025
0 0.303115431121118 0.7840530161696592 0.061449244978022934 0.07778416327441136
0 0.30910785456548584 0.7601651368164455 0.05398699665201523 0.05253850180902227
0 0.21969510289149347 0.7899964789691009 0.06631016674839837 0.0795923247398008
0 0.2035506896136774 0.7790556569428335 0.07881187081501909 0.06626680913596861
0 0.19009005361012946 0.8276945528043905 0.06509791842239077 0.054674211894930734
0 0.348245989017639 0.850837724446545 0.08679779258539462 0.06823874491161704
0 0.3626485162919072 0.9098032886708964 0.07707424497802293 0.07860303482570927
0 0.3261142644953172 0.821351620308102 0.04686988780013781 0.04439845318850324
0 0.38191537346979215 0.9417969171195988 0.06127923134088879 0.048260437584671224
0 0.8354247064761985 0.6099981247191162 0.05641830957051326 0.04645227611928178
0 0.8465313680800222 0.6463483825210323 0.059194761963141926 0.057471663274411534
0 0.9090288119800913 0.6642894770485369 0.05172910550389247 0.06018722749876275
0 0.8837686793245279 0.6632559215306129 0.03628093540750967 0.0329696302577247
0 0.8355870518135395 0.7034991412274596 0.05607146602976236 0.04332727611928178
0 0.6092863885357234 0.7035721415661438 0.04287777894826057 0.03642217887824373
0 0.6027822201133326 0.6520505851437088 0.031073170096383152 0.028036468792335612
0 0.5773469616207733 0.6635989167809144 0.03645435717788494 0.034532130257724704
0 0.9481015363798155 0.5773759752395146 0.03853712248901146 0.039301517412854634
0 0.9686733170020684 0.5857273858003926 0.03992620071863584 0.03782090456798422
0 0.9985789705212372 0.49536133537085136 0.0028420589575254953 0.03124335594746519
0 0.9231848391317617 0.6077561940318501 0.03576067009638315 0.028282130257724702
0 0.9562685482203597 0.516441797265782 0.03402474832600753 0.026637743102595125
0 0.8817845533649343 0.5604208485998343 0.029163826555632256 0.024829581637205677
0 0.9066952863798153 0.5795459848504529 0.0380168571778853 0.034614017412854636