0 0.5369317991703868 0.10673851476765221 0.1782467629865998 0.09700348918451071
0 0.5002434827058041 0.1495725103998973 0.11373783235481909 0.07398136356061787
0 0.32943381509252917 0.2358362870220187 0.10746754333120752 0.09966866971703395
0 0.2798092197192042 0.2505143718805357 0.05308442195277685 0.057500969217919626
0 0.6264711561263522 0.1802885465897223 0.15691965315890374 0.09964887021614821
0 0.5813615752073984 0.20922691888584993 0.12897728321633828 0.0985857886853964
0 0.6828733382259042 0.25306843968463477 0.13183848264199227 0.08339838560718835
0 0.5092227674218196 0.29091572733004145 0.1307832947670729 0.14048155740420185
0 0.4246042630823177 0.2810425203831929 0.09277598264199227 0.07975174459225531
0 0.3852881070197774 0.3133036801169312 0.10629059246968833 0.07637703535763123
0 0.3613128685705119 0.2738146944679817 0.08275163292916528 0.0865431851080741
0 0.2954342125079715 0.30855557009187456 0.07063718206764609 0.062230491264490165
0 0.36933842495213126 0.37042887396051516 0.10720374275686143 0.08418953535763123
0 0.40100440762602946 0.4300634829455821 0.10509335258455761 0.07935616971703396
0 0.5926237428525793 0.27153903119868217 0.06917614160816932 0.04973049126449016
0 0.695971950957237 0.3128909363568696 0.10290179189534214 0.06060616971703396
0 0.6217937862156928 0.31286123710554103 0.07258523120612673 0.03923058818628213
0 0.6669135044352197 0.3565581037861281 0.14241072252712303 0.08129444509136965
0 0.5780742125398775 0.41585148273778616 0.13256900287173073 0.08964838560718835
0 0.4620636561901641 0.4629996260404946 0.10635147396298841 0.11656443843583944
0 0.5544033599234139 0.3539250455497326 0.13504465315890374 0.0976067512477857
0 0.46701498560944066 0.20908347629005175 0.09774757223995004 0.06939770715464463
0 0.6286322400127545 0.4791315212153865 0.1219155924696885 0.07783569176360458
0 0.5640725796107122 0.49597657965957803 0.13853491327377299 0.10102348252898033
0 0.3558745304722314 0.4922309411402165 0.12980926298659998 0.09248165432599383
0 0.32211844664964095 0.4637004665145522 0.06347403178047309 0.053834528702100926
0 0.3478692631142236 0.4218875303664884 0.06081575143586537 0.04431366306150362
0 0.309841669176764 0.3968467198423174 0.05308442195277685 0.057500969217919626
0 0.601927688002543 0.5357152745431517 0.08644481212508062 0.06525164767046335
0 0.6101054409061797 0.5913608009574772 0.04912744218251532 0.06331337229612774
0 0.5506188368538508 0.5714141765813701 0.10673702310146922 0.09341866971703397
0 0.49955349004466043 0.6248630301586924 0.09884335258455756 0.07877270715464472
0 0.4877231432035642 0.5409676491270549 0.09874189304403451 0.09112684151404729
0 0.34222801314612955 0.5560956537026058 0.15215098264199217 0.08529463893495368
0 0.41957175593489693 0.6083751591103504 0.11875001442246531 0.13008549792002047
0 0.2935875796426181 0.6549089290769415 0.09222809246968833 0.07506424459225532
0 0.33838263021696424 0.6352726239605152 0.09009741327377299 0.09650164767046335
0 0.3272320522016471 0.7174497396011125 0.11416397396298832 0.11729376663882593
0 0.37544632246329146 0.8404484311569209 0.10340910402042294 0.11783520715464454
0 0.437652088353528 0.8106867868142228 0.09541397396298837 0.11554337895165787
0 0.6336951518506622 0.42920445403568525 0.09681413292916527 0.08785597587345002
0 0.40842117070834716 0.7500521293682598 0.09176137281429604 0.08429337895165805
0 0.3984982877472759 0.6961149685945317 0.10204952310146923 0.09298107279524181
0 0.4906147617421702 0.714560914518095 0.11047079476707289 0.1385853040764367
0 0.5089589091576125 0.7823936986279405 0.13457793350351147 0.10683588560718835
0 0.565158179387351 0.7709654683867357 0.0849431936183807 0.1052931851080741
0 0.5507101374601028 0.6896326358159941 0.0842329624122538 0.07277241638926882
0 0.570292124441597 0.6344865278709169 0.0762378323548191 0.07048058818628214
0 0.4944804120612492 0.8401542768309274 0.08717533235481909 0.07150164767046334
0 0.919713836790039 0.2695946982123486 0.08230520229738474 0.06950155074867145
0 0.8496549928525793 0.24754413332042274 0.06513799132099614 0.04162625998329554
0 0.9270291619655314 0.39872964642368747 0.03965098264199227 0.07479231281194645
0 0.8277292486598524 0.362408894343708 0.07402598264199227 0.07800135690508761
0 0.8839285188895909 0.35098066410250306 0.06448864160816932 0.04929289434269819
0 0.8586850217613214 0.27606470819564416 0.056128251435865195 0.0438760661397116
0 0.8038047471920813 0.2695971212571477 0.06917614160816905 0.04973049126449016
0 0.8594865607849332 0.3022625440941509 0.08892046241225379 0.07321001331106078
0 0.794105065124435 0.3261388525383424 0.06448864160816914 0.04929289434269819
0 0.7705660983726794 0.37547255740521157 0.07688718206764592 0.0628139538268794
0 0.841680137396291 0.39510643947683877 0.06245942195277685 0.058376163061503575
0 0.8820920665922063 0.41297013436041247 0.09009741327377299 0.09650164767046335
0 0.9104199856732527 0.43505282154846603 0.06592939304403451 0.08806366306150362
0 0.8414975001276236 0.4561687940941509 0.087824682067646 0.0638350133110606
0 0.9466314451818697 0.3103544525801035 0.015787341033822955 0.029291925124778562
0 0.8882304481174123 0.5058968623138419 0.0686079624122538 0.07131375998329545
0 0.8573152674856315 0.5257828766648924 0.06272322252712285 0.07385529742090621
0 0.765645224122518 0.49029529638192637 0.09084822252712285 0.07648087895165787
0 0.7916192559029911 0.4399615430541612 0.06641640172303838 0.052563759983295454
0 0.9002332805041373 0.5750943589860767 0.045089291895342144 0.05520914101493304
0 0.8009638079451082 0.5186799053669933 0.08764205201021147 0.06227251331106061
0 0.8077921316528297 0.552815095882812 0.04198458091895381 0.028646641014933038
0 0.7567775218251335 0.5529411620225236 0.07386364160816913 0.050168088186282135
0 0.70885747846202 0.5133693438028326 0.060064942182515325 0.06433443178030895
0 0.6648538223994797 0.5460681004583628 0.06465098264199227 0.07712616306150366
0 0.66183027472877 0.6182138207162723 0.0779829624122538 0.0721889538268794
0 0.7887986201020951 0.5963153866481878 0.07201705201021155 0.0608138569050876
0 0.7338777602743989 0.5968061168893929 0.06779627166560367 0.05114712562389272
0 0.7017754914805258 0.5673485266231312 0.05511364160816932 0.048417700499114244
0 0.8848822183790567 0.633709120009362 0.06619319361838052 0.10354279742090622
0 0.8533988585513604 0.632011865641607 0.0860592629865998 0.08839741638926882
0 0.7635551085513604 0.6403991399759531 0.06420455201021155 0.060084528702100924
0 0.7230620088385336 0.6364520794517821 0.07303166183790762 0.05627222254568487
0 0.6455153325462548 0.6784640145598562 0.06641640172303838 0.052563759983295454
0 0.7070514524888202 0.674264821756262 0.0920454624122538 0.07350174459225531
0 0.6757913007657818 0.7235466048261179 0.06686283235481909 0.06960539434269819
0 0.5997056721442124 0.6935586853168798 0.10068994218251533 0.06812693843583943
0 0.8038757227185584 0.6590440848595268 0.057508121378430754 0.042459431780308775
0 0.7914467415124318 0.6926588458828121 0.10712257223995003 0.0702729009982285
0 0.7351764452775875 0.7311390948428222 0.07449270229738439 0.06877222254568487
0 0.8262174351627183 0.725730954867879 0.03159497109125766 0.03231308153075183
0 0.7950688947032414 0.7410024020392281 0.07928166183790761 0.05685568510807411
0 0.7624288730376376 0.7888675507496812 0.10261770229738439 0.0713978040764367
0 0.7908582516592069 0.8233043722971374 0.07946429189534232 0.05841818510807419
0 0.7175425074345742 0.8092851058661076 0.06245942195277685 0.05837616306150366
0 0.6765319582960934 0.7899318438028325 0.05777192195277685 0.05793856613971151
0 0.6437701808551223 0.8586719440523897 0.07439124275686133 0.0811263569050876
0 0.6028002169750972 0.8323603648094136 0.09912744218251532 0.06798107279524208
0 0.7550323557115357 0.8521488007496814 0.08303572252712285 0.07575155074867154
0 0.7473314597638646 0.8783676476714731 0.04721997109125766 0.03377173793672483
0 0.7001723701659068 0.8719519825299902 0.07090098264199227 0.07770962562389272
0 0.6754260190172147 0.9051711686780539 0.06274351155073461 0.04758452870210093
0 0.6253245738991569 0.7784850255831415 0.09350650287173075 0.08600174459225532