0 0.6788770538547378 0.32731942247376467 0.15537828104191612 0.13681334138279588
0 0.4628762752482566 0.26123273588074203 0.14693478288749554 0.13189852084968257
0 0.35728726417478 0.23629022334432973 0.2211834243312433 0.19787051332783517
0 0.45718199848735486 0.19369589489365752 0.09852747231630854 0.07290395407749281
0 0.29737153632173324 0.29406327091618956 0.19435061006889737 0.14884197994174028
0 0.2330537174454388 0.33250965696785145 0.2328121026865797 0.16863765439406198
0 0.2844673561968306 0.8928668322781028 0.12692278657865436 0.12197795157021041
0 0.24678711357914832 0.9126397746771133 0.07956713959816834 0.07079588479802083
0 0.2042387310303634 0.7893674107287751 0.10772213037027116 0.0949608105039836
0 0.3597227744014801 0.8945680731069029 0.09362963959816835 0.07120506175762494
0 0.3573338395866157 0.8487243756933276 0.09906829949771039 0.08848348997087001
0 0.2922946529261718 0.8000344745979711 0.19495141879450495 0.21111465940862678
0 0.23006496718851768 0.753597395289369 0.09311880318886923 0.07897209765100222
0 0.4011739112312792 0.8178775409744492 0.20627959345868252 0.1912113363682309
0 0.45323215292617186 0.7953516716158349 0.13161028657865437 0.12211434389007839
0 0.27485153606481216 0.7157193105704905 0.13900212114237398 0.11921666442319179
0 0.19846927868249437 0.6992652479549359 0.08936280503444874 0.07419366943775678
0 0.36352336140063457 0.692906284706243 0.1135814557060936 0.11536423871722885
0 0.2961404247401907 0.6442845797708204 0.1448314557060936 0.11627352084968248
0 0.43026010586389624 0.6769570242814018 0.19690459345868253 0.19093855172849494
0 0.5103983614006345 0.688632658683711 0.1354864464781965 0.1393473079967011
0 0.32687948900253655 0.5951423861181688 0.13296245386051417 0.1205973079967011
0 0.24238432725741504 0.610051983769171 0.10615963037027117 0.09491534639736088
0 0.2289680194545972 0.675032126089039 0.10772213037027109 0.0949608105039836
0 0.2782315569560413 0.5576483977966514 0.10219329949771039 0.08857441818411545
0 0.35186429495977495 0.5251564950519422 0.16880978288749554 0.13253501834239997
0 0.5951338466359991 0.6488139892459543 0.19579294832377592 0.13643290815498563
0 0.47171114336534037 0.5598006165221276 0.1641522736595984 0.15574519780928675
0 0.4240096092221208 0.47480950257378945 0.16183861376005626 0.13855769780928676
0 0.3529157598937657 0.4364122437983008 0.15724128473307494 0.12752926959604133
0 0.3226122571253966 0.4302902759307544 0.17584093355914038 0.17320548244902273
0 0.7616901498248684 0.5677050785836861 0.18413427919633668 0.14231919530200407
0 0.6572579687011628 0.5341688160472738 0.18710892802240214 0.18754076708875883
0 0.773333624909546 0.5043329003704409 0.19780610453215922 0.1629499440483631
0 0.7449829988202892 0.39698941330256454 0.12220529580655146 0.09849498746358769
0 0.7074530080481863 0.4214271236482635 0.16412228288749553 0.132398626022532
0 0.5677892026808034 0.28541673047046573 0.15838311929679455 0.12444973370266403
0 0.5686610209672424 0.4581495368178142 0.20543826258612174 0.18496133636823106
0 0.5843763905969712 0.5495186828986058 0.1761114464781965 0.14052937476889085
0 0.5675039923607612 0.3858115355641729 0.11439279580655146 0.09826766693047428
0 0.5012928810361398 0.31692279473537294 0.11523412667911223 0.10451766693047429
0 0.4945322432835509 0.39026936652212757 0.18395393725029924 0.16410326708875883
0 0.3887028093914761 0.3497700501456493 0.1854262662772806 0.17504076708875882
0 0.9370950252482565 0.2474343795207583 0.0614481377525891 0.0749378155185485
0 0.8444116842250089 0.23067644002474186 0.07268614144374794 0.06592652837152994
0 0.8370798312054951 0.181085616984346 0.07602147416188805 0.06757995658477531
0 0.7244897595608315 0.21393287239462233 0.09092530503444873 0.07423913354437942
0 0.9454485510863687 0.3125592743479088 0.03043846124283185 0.09893760517284952
0 0.8996853948779855 0.3403493052267212 0.07226547600746755 0.06280152837152997
0 0.8867047478974994 0.39053116165321194 0.12097329026981321 0.11246655925034235
0 0.8423987266733359 0.3381252271717604 0.07821497231630872 0.07231292069139794
0 0.901383548650934 0.518505397467447 0.060937301343290076 0.08270485141192588
0 0.8736491239867563 0.4990794475465893 0.08572696862514953 0.08186977711788863
0 0.8880875019215925 0.6114968795207583 0.05123180688002833 0.06841503087881229
0 0.7698938211308214 0.7900287079714305 0.070492643289327 0.061193564264907255
0 0.8016394634973588 0.7276279963720903 0.08488563775258876 0.07561977711788863
0 0.7932099674454388 0.31621077474362025 0.07758397416188778 0.06762542069139794
0 0.8670079526808033 0.27671035405222233 0.0992786322158505 0.09004598997087018
0 0.7483030381673126 0.28561164410223466 0.08686880318886914 0.07879024122451135
0 0.7996848982362101 0.14092962991646973 0.06850947785304662 0.05802310015828453
0 0.770869017865939 0.23359450303600787 0.06246981057118699 0.05940374373179384
0 0.8037416980668548 0.26687836447706353 0.08602747231630836 0.07254024122451135
0 0.7766080821282848 0.18517973508931923 0.11814879396097204 0.10304609514371962
0 0.6973124487327234 0.693310483835678 0.06027631241676641 0.054670779625171126