0 0.385582 0.945933 0.0806878 0.0505952 0
0 0.900132 0.24256 0.0886243 0.094246 0
0 0.458995 0.97123 0.111111 0.0496032 0
0 0.955688 0.807044 0.0701058 0.149802 0
0 0.516534 0.943452 0.0753968 0.0654762 0
0 0.185185 0.188988 0.206349 0.173611 0
0 0.631614 0.654762 0.0859788 0.0714286 0
0 0.375 0.450893 0.0806878 0.0962302 0
0 0.649471 0.709821 0.113757 0.0763889 1
0 0.92328 0.342262 0.126984 0.10119 1
0 0.906746 0.455853 0.0886243 0.0704365 1
0 0.673942 0.539187 0.133598 0.0962302 1
0 0.556217 0.889881 0.104497 0.0853175 1
0 0.353836 0.634921 0.0965608 0.0615079 0
0 0.375 0.526786 0.0965608 0.077381 0
0 0.749339 0.570933 0.130952 0.094246 1
0 0.456349 0.287202 0.145503 0.0902778 1
0 0.424603 0.351687 0.153439 0.104167 1
0 0.471561 0.649802 0.14418 0.0892857 1
0 0.602513 0.31498 0.165344 0.116071 1
0 0.705026 0.178571 0.132275 0.115079 0
0 0.412037 0.837302 0.115079 0.0753968 0
0 0.833995 0.188988 0.14418 0.12996 1
0 0.566799 0.766865 0.14418 0.109127 1
0 0.312169 0.692956 0.100529 0.0744048 0
0 0.315476 0.760913 0.107143 0.0734127 0
0 0.80754 0.489583 0.160053 0.116071 1
0 0.516534 0.210317 0.157407 0.125 1
0 0.418651 0.570437 0.152116 0.117063 1
0 0.421958 0.91121 0.126984 0.094246 1
0 0.58664 0.116071 0.14418 0.113095 1
0 0.719577 0.651786 0.164021 0.111111 1
0 0.595899 0.420635 0.138889 0.105159 1
0 0.444444 0.448413 0.166667 0.121032 1
0 0.551587 0.58879 0.153439 0.108135 1
0 0.716931 0.449405 0.156085 0.115079 1
