0 0.67109375 0.49609375 0.1828125 0.1546875
0 0.84609375 0.81875 0.13125 0.103125
0 0.54375 0.825 0.1875 0.2046875
0 0.38828125 0.57734375 0.1609375 0.2
0 0.5984375 0.94921875 0.1265625 0.1015625
0 0.76875 0.9140625 0.1359375 0.1015625
0 0.8359375 0.91640625 0.184375 0.08125
0 0.853125 0.9 0.0703125 0.0734375
0 0.6328125 0.7671875 0.1828125 0.1859375
0 0.81015625 0.65703125 0.0984375 0.09375
0 0.51796875 0.51875 0.1546875 0.13125
0 0.25390625 0.61796875 0.1703125 0.18125
0 0.65390625 0.89921875 0.1453125 0.1734375
0 0.7359375 0.78671875 0.1234375 0.1
0 0.77734375 0.84921875 0.16875 0.15
0 0.75390625 0.4375 0.103125 0.1015625
0 0.72109375 0.71171875 0.1359375 0.0984375
0 0.4703125 0.89296875 0.1546875 0.171875
0 0.490625 0.971875 0.125 0.05625
0 0.4671875 0.7078125 0.21875 0.1390625
0 0.75078125 0.553125 0.08125 0.0953125
0 0.52578125 0.60625 0.1890625 0.15
0 0.67421875 0.63828125 0.128125 0.0859375
0 0.34140625 0.44140625 0.1515625 0.1296875
0 0.63203125 0.42421875 0.1796875 0.13125
0 0.271875 0.3078125 0.1125 0.1140625
0 0.38125 0.30546875 0.128125 0.1328125
0 0.3453125 0.746875 0.1609375 0.1484375
0 0.41484375 0.81171875 0.140625 0.115625
0 0.35234375 0.84375 0.0890625 0.0828125
0 0.5421875 0.35625 0.1203125 0.10625
0 0.54296875 0.25234375 0.125 0.096875
0 0.21640625 0.48671875 0.2 0.1578125
0 0.57578125 0.03515625 0.0734375 0.0703125
0 0.70078125 0.05234375 0.0703125 0.0703125
0 0.9234375 0.2796875 0.09375 0.090625
0 0.85 0.29375 0.1 0.0640625
0 0.6296875 0.171875 0.0734375 0.0671875
0 0.696875 0.15703125 0.0765625 0.059375
0 0.690625 0.209375 0.1171875 0.08125
0 0.58359375 0.1140625 0.0859375 0.10625
0 0.64140625 0.1046875 0.078125 0.0890625
0 0.71796875 0.13984375 0.09375 0.0703125
0 0.74453125 0.18671875 0.0828125 0.0703125
0 0.765625 0.24921875 0.096875 0.0890625
0 0.77421875 0.22109375 0.0421875 0.0375
0 0.72578125 0.37890625 0.0703125 0.065625
0 0.70703125 0.3296875 0.075 0.0640625
0 0.70703125 0.26328125 0.08125 0.071875
0 0.615625 0.2203125 0.0640625 0.078125
0 0.5328125 0.15078125 0.0921875 0.0921875
0 0.4828125 0.12109375 0.1015625 0.0875
0 0.5265625 0.07890625 0.078125 0.0578125
0 0.38359375 0.9046875 0.096875 0.1015625
0 0.553125 0.92578125 0.0859375 0.0734375
0 0.334375 0.67109375 0.09375 0.0828125
0 0.303125 0.5171875 0.1 0.0796875
0 0.62265625 0.56796875 0.128125 0.125
0 0.69453125 0.5640625 0.0703125 0.05
0 0.7703125 0.69296875 0.0796875 0.0765625
0 0.575 0.33828125 0.1015625 0.1140625
0 0.30703125 0.35546875 0.1078125 0.1140625
0 0.21171875 0.4203125 0.10625 0.096875
0 0.22890625 0.340625 0.09375 0.0953125
0 0.22890625 0.2875 0.046875 0.0421875
0 0.47734375 0.203125 0.075 0.075
0 0.6484375 0.32734375 0.0765625 0.0578125
0 0.6140625 0.26875 0.0546875 0.0671875
0 0.275 0.8546875 0.0359375 0.0359375
0 0.1609375 0.80546875 0.040625 0.04375
0 0.2109375 0.73671875 0.0421875 0.0421875
0 0.06015625 0.71796875 0.0546875 0.046875
0 0.10703125 0.64140625 0.05 0.04375
0 0.0453125 0.60859375 0.053125 0.0421875
0 0.0046875 0.50703125 0.009375 0.0328125
0 0.034375 0.5796875 0.053125 0.0421875
0 0.065625 0.63828125 0.065625 0.0515625