0 0.33671875 0.171875 0.121875 0.1109375
0 0.58828125 0.1765625 0.1125 0.1109375
0 0.70859375 0.18515625 0.171875 0.165625
0 0.62734375 0.1125 0.0859375 0.0515625
0 0.74140625 0.26171875 0.1671875 0.109375
0 0.78828125 0.31875 0.2078125 0.115625
0 0.46484375 0.84140625 0.0921875 0.10625
0 0.49375 0.87265625 0.0609375 0.0578125
0 0.59609375 0.7671875 0.084375 0.078125
0 0.3875 0.81875 0.0796875 0.0515625
0 0.41171875 0.775 0.0765625 0.0734375
0 0.5015625 0.75078125 0.125 0.1984375
0 0.58671875 0.725 0.075 0.0640625
0 0.38203125 0.73203125 0.1546875 0.1640625
0 0.340625 0.69375 0.0984375 0.1046875
0 0.5609375 0.67421875 0.1125 0.0953125
0 0.64609375 0.6828125 0.071875 0.059375
0 0.48125 0.6234375 0.078125 0.1046875
0 0.57265625 0.59921875 0.1203125 0.090625
0 0.42109375 0.58671875 0.1421875 0.1671875
0 0.3328125 0.57265625 0.0921875 0.128125
0 0.565625 0.54140625 0.103125 0.1
0 0.64453125 0.5828125 0.0828125 0.0796875
0 0.6265625 0.64921875 0.0859375 0.0765625
0 0.63359375 0.52109375 0.08125 0.071875
0 0.57421875 0.465625 0.140625 0.1
0 0.2671875 0.5078125 0.1765625 0.090625
0 0.43515625 0.46171875 0.121875 0.134375
0 0.525 0.39453125 0.1296875 0.1109375
0 0.615625 0.38046875 0.13125 0.096875
0 0.65 0.38359375 0.125 0.153125
0 0.1359375 0.3765625 0.1578125 0.1046875
0 0.2578125 0.37734375 0.13125 0.1671875
0 0.15390625 0.31171875 0.1609375 0.128125
0 0.2359375 0.2171875 0.1015625 0.075
0 0.2609375 0.253125 0.1359375 0.1015625
0 0.46875 0.1671875 0.134375 0.0953125
0 0.38515625 0.3328125 0.15625 0.1546875
0 0.32578125 0.415625 0.146875 0.1078125
0 0.42109375 0.26328125 0.090625 0.0796875
0 0.521875 0.21796875 0.0890625 0.0890625
0 0.49375 0.290625 0.1421875 0.1359375
0 0.621875 0.284375 0.1375 0.15
0 0.1 0.0328125 0.0609375 0.015625
0 0.2140625 0.03515625 0.0515625 0.0359375
0 0.34453125 0.04765625 0.0734375 0.0578125
0 0.0359375 0.06796875 0.0640625 0.078125
0 0.10390625 0.1140625 0.05625 0.0515625
0 0.00859375 0.08203125 0.0171875 0.0765625
0 0.0046875 0.1421875 0.009375 0.0875
0 0.09375 0.16640625 0.0890625 0.096875
0 0.1640625 0.1296875 0.0578125 0.0609375
0 0.01796875 0.27890625 0.0359375 0.0703125
0 0.0546875 0.275 0.0625 0.071875
0 0.025 0.5875 0.04375 0.0484375
0 0.025 0.51640625 0.05 0.0609375
0 0.225 0.12421875 0.0609375 0.05625
0 0.16875 0.0625 0.0765625 0.075
0 0.28515625 0.109375 0.0671875 0.065625
0 0.2875 0.05234375 0.046875 0.0515625
0 0.2375 0.0734375 0.06875 0.0578125
0 0.30703125 0.02734375 0.090625 0.0359375
0 0.140625 0.5171875 0.046875 0.0453125