0 0.39765625 0.18203125 0.178125 0.10625
0 0.4359375 0.215625 0.1125 0.078125
0 0.60546875 0.259375 0.1078125 0.103125
0 0.653125 0.2609375 0.0546875 0.059375
0 0.3140625 0.27734375 0.15625 0.10625
0 0.35859375 0.2953125 0.1296875 0.103125
0 0.26171875 0.3640625 0.13125 0.0890625
0 0.43203125 0.359375 0.13125 0.14375
0 0.5140625 0.32890625 0.09375 0.0828125
0 0.55390625 0.35078125 0.10625 0.0796875
0 0.575 0.30546875 0.0828125 0.0890625
0 0.64140625 0.32421875 0.0703125 0.0640625
0 0.57109375 0.4046875 0.10625 0.0875
0 0.54375 0.47265625 0.1046875 0.0828125
0 0.35078125 0.36015625 0.06875 0.053125
0 0.2515625 0.428125 0.1015625 0.065625
0 0.32421875 0.409375 0.071875 0.0421875
0 0.28203125 0.4640625 0.140625 0.0875
0 0.37109375 0.50234375 0.13125 0.0953125
0 0.484375 0.52109375 0.1078125 0.11875
0 0.390625 0.43359375 0.1359375 0.103125
0 0.46953125 0.2671875 0.096875 0.0734375
0 0.32421875 0.57890625 0.1203125 0.0828125
0 0.38671875 0.5796875 0.1390625 0.10625
0 0.5890625 0.52421875 0.1296875 0.0984375
0 0.62109375 0.48671875 0.0640625 0.0546875
0 0.59453125 0.45078125 0.0609375 0.0453125
0 0.63046875 0.415625 0.053125 0.059375
0 0.35234375 0.628125 0.0859375 0.06875
0 0.346875 0.6875 0.05 0.0640625
0 0.40390625 0.6515625 0.10625 0.096875
0 0.4546875 0.69296875 0.0984375 0.0828125
0 0.46328125 0.60546875 0.1 0.0953125
0 0.60546875 0.584375 0.15 0.0921875
0 0.53203125 0.65625 0.1203125 0.1328125
0 0.65703125 0.671875 0.0921875 0.078125
0 0.6125 0.66328125 0.090625 0.0984375
0 0.6265625 0.74375 0.115625 0.121875
0 0.584375 0.87890625 0.1046875 0.1203125
0 0.52265625 0.8640625 0.096875 0.1171875
0 0.3171875 0.52890625 0.096875 0.090625
0 0.54921875 0.79609375 0.0921875 0.0875
0 0.55703125 0.7390625 0.103125 0.096875
0 0.46796875 0.78046875 0.1125 0.1390625
0 0.45234375 0.85390625 0.134375 0.1125
0 0.39765625 0.85625 0.0859375 0.10625
0 0.4078125 0.77109375 0.084375 0.0765625
0 0.3875 0.71953125 0.0765625 0.0734375
0 0.46953125 0.90859375 0.0859375 0.0734375
0 0.03671875 0.440625 0.0734375 0.071875
0 0.1 0.4 0.0640625 0.04375
0 0.025 0.57265625 0.05 0.0765625
0 0.12578125 0.5109375 0.075 0.0796875
0 0.06953125 0.5125 0.0640625 0.0515625
0 0.0921875 0.43125 0.05625 0.0453125
0 0.14453125 0.4109375 0.06875 0.053125
0 0.0921875 0.45859375 0.0875 0.0765625
0 0.15703125 0.465625 0.0640625 0.053125
0 0.18125 0.509375 0.0765625 0.0671875
0 0.1140625 0.546875 0.0625 0.0609375
0 0.07421875 0.57421875 0.090625 0.0984375
0 0.04609375 0.6046875 0.071875 0.090625
0 0.11640625 0.6078125 0.0875 0.0671875
0 0.0078125 0.48828125 0.015625 0.0296875
0 0.071875 0.66953125 0.06875 0.071875
0 0.10390625 0.68203125 0.0640625 0.075
0 0.19140625 0.6234375 0.090625 0.0796875
0 0.1640625 0.57890625 0.0671875 0.05625
0 0.05859375 0.74296875 0.0546875 0.0578125
0 0.1578125 0.66171875 0.0875 0.065625
0 0.15234375 0.696875 0.0421875 0.03125
0 0.20234375 0.68515625 0.075 0.053125
0 0.24765625 0.63359375 0.059375 0.065625
0 0.290625 0.65390625 0.065625 0.078125
0 0.296875 0.7265625 0.078125 0.075
0 0.17265625 0.7359375 0.071875 0.0625
0 0.2265625 0.72265625 0.06875 0.0546875
0 0.25703125 0.6859375 0.0546875 0.05
0 0.07578125 0.7984375 0.0765625 0.10625
0 0.1125 0.78828125 0.0875 0.090625
0 0.19921875 0.77421875 0.0640625 0.0609375
0 0.2390625 0.76015625 0.0734375 0.0578125
0 0.315625 0.7828125 0.0671875 0.05625
0 0.25546875 0.79296875 0.0921875 0.078125
0 0.2875 0.8359375 0.0671875 0.071875
0 0.36015625 0.78671875 0.0984375 0.071875
0 0.1609375 0.80234375 0.05625 0.04375
0 0.175 0.8328125 0.10625 0.075
0 0.23046875 0.85859375 0.075 0.0703125
0 0.1421875 0.87578125 0.0328125 0.034375
0 0.1734375 0.8828125 0.0796875 0.059375
0 0.20625 0.92265625 0.1015625 0.075
0 0.1796875 0.96484375 0.078125 0.0609375
0 0.25078125 0.9328125 0.0625 0.059375
0 0.28984375 0.90234375 0.0578125 0.059375
0 0.32421875 0.9609375 0.0765625 0.078125
0 0.36328125 0.92734375 0.096875 0.0703125
0 0.21484375 0.97265625 0.0828125 0.0546875
0 0.22421875 0.9953125 0.0484375 0.009375
0 0.2703125 0.975 0.071875 0.05
0 0.3390625 0.878125 0.09375 0.0890625