0 0.353125 0.3 0.053125 0.046875
0 0.3015625 0.33203125 0.0484375 0.040625
0 0.69375 0.35625 0.084375 0.0640625
0 0.75546875 0.35859375 0.0765625 0.0671875
0 0.79375 0.35546875 0.0640625 0.0640625
0 0.83671875 0.34296875 0.0796875 0.06875
0 0.88671875 0.33828125 0.0796875 0.0625
0 0.9234375 0.34140625 0.1015625 0.0828125
0 0.95546875 0.3109375 0.0375 0.0578125
0 0.95 0.35234375 0.065625 0.05625
0 0.91015625 0.29140625 0.08125 0.0640625
0 0.93828125 0.2578125 0.0484375 0.059375
0 0.8859375 0.25 0.0953125 0.06875
0 0.85 0.26328125 0.0984375 0.08125
0 0.83828125 0.21796875 0.084375 0.065625
0 0.8390625 0.309375 0.0875 0.0765625
0 0.775 0.2609375 0.071875 0.0578125
0 0.7296875 0.28046875 0.053125 0.05625
0 0.721875 0.32109375 0.0609375 0.059375
0 0.775 0.29453125 0.0953125 0.0796875
0 0.78515625 0.32109375 0.046875 0.034375
0 0.6359375 0.759375 0.0578125 0.05625
0 0.63203125 0.67890625 0.0828125 0.06875
0 0.5890625 0.69765625 0.0703125 0.0625
0 0.64921875 0.70234375 0.06875 0.0484375
0 0.36796875 0.35703125 0.0859375 0.0734375
0 0.31015625 0.38125 0.0875 0.075
0 0.26171875 0.41875 0.084375 0.0703125
0 0.26796875 0.4625 0.0875 0.0703125
0 0.31015625 0.49296875 0.0765625 0.065625
0 0.33984375 0.48046875 0.0734375 0.065625
0 0.35625 0.41484375 0.0796875 0.0703125
0 0.25390625 0.5234375 0.0921875 0.0734375
0 0.28125 0.57734375 0.084375 0.071875
0 0.25390625 0.56328125 0.0765625 0.0640625
0 0.29296875 0.5921875 0.065625 0.0578125
0 0.34375 0.5875 0.0640625 0.046875
0 0.3453125 0.56953125 0.071875 0.0640625
0 0.3125 0.5328125 0.0640625 0.05625
0 0.36640625 0.509375 0.078125 0.0671875
0 0.434375 0.509375 0.109375 0.0890625
0 0.415625 0.44375 0.090625 0.0796875
0 0.41953125 0.38046875 0.090625 0.0796875
0 0.4703125 0.41953125 0.096875 0.0828125
0 0.5125 0.46328125 0.1015625 0.0859375
0 0.51796875 0.40703125 0.0640625 0.0625
0 0.48203125 0.38359375 0.0578125 0.05
0 0.4671875 0.33203125 0.0640625 0.0578125
0 0.51328125 0.346875 0.0703125 0.0671875
0 0.54296875 0.396875 0.0828125 0.0734375
0 0.56875 0.3171875 0.0859375 0.075
0 0.52421875 0.315625 0.06875 0.059375
0 0.6390625 0.353125 0.096875 0.0796875
0 0.640625 0.3953125 0.078125 0.065625
0 0.5875 0.440625 0.0703125 0.0609375
0 0.5828125 0.46796875 0.1046875 0.090625
0 0.728125 0.44375 0.0875 0.078125
0 0.640625 0.4375 0.0515625 0.05
0 0.65625 0.45859375 0.084375 0.065625
0 0.6546875 0.4828125 0.09375 0.0796875
0 0.69609375 0.51171875 0.075 0.05625
0 0.74140625 0.5171875 0.0921875 0.075
0 0.7 0.559375 0.0984375 0.0828125
0 0.65234375 0.54609375 0.084375 0.0765625
0 0.596875 0.5328125 0.0953125 0.0765625
0 0.54765625 0.52890625 0.0984375 0.0828125
0 0.43125 0.57265625 0.0953125 0.0828125
0 0.509375 0.5625 0.096875 0.08125
0 0.4046875 0.565625 0.06875 0.0640625
0 0.4140625 0.6265625 0.0921875 0.08125
0 0.46171875 0.60625 0.0890625 0.0796875
0 0.5234375 0.6171875 0.05625 0.046875
0 0.53515625 0.60078125 0.0453125 0.0296875
0 0.521875 0.59453125 0.0578125 0.034375
0 0.55 0.57421875 0.059375 0.0484375
0 0.60546875 0.5671875 0.071875 0.059375
0 0.5953125 0.59375 0.0765625 0.06875
0 0.64140625 0.58203125 0.0578125 0.0578125
0 0.65234375 0.596875 0.053125 0.0453125
0 0.6390625 0.61796875 0.059375 0.0453125
0 0.60546875 0.63828125 0.0484375 0.046875
0 0.58515625 0.65078125 0.0578125 0.040625
0 0.57734375 0.625 0.0796875 0.06875
0 0.04140625 0.725 0.00625 0.0140625
0 0.04609375 0.71875 0.015625 0.015625
0 0.040625 0.70546875 0.015625 0.0171875
0 0.0203125 0.50625 0.034375 0.0265625
0 0.00234375 0.5125 0.0046875 0.015625
0 0.0125 0.51640625 0.025 0.0203125
0 0.22109375 0.47734375 0.0265625 0.021875
0 0.19921875 0.45390625 0.0265625 0.021875
0 0.2140625 0.44453125 0.0203125 0.01875
0 0.2171875 0.4578125 0.034375 0.0265625