0 0.99765625 0.4421875 0.0046875 0.0125
0 0.99375 0.46484375 0.0125 0.0171875
0 0.97109375 0.4671875 0.028125 0.0203125
0 0.9328125 0.46171875 0.0234375 0.0171875
0 0.98671875 0.49453125 0.0265625 0.0203125
0 0.95859375 0.48046875 0.0234375 0.0203125
0 0.9953125 0.4828125 0.009375 0.0125
0 0.99609375 0.50625 0.0078125 0.015625
0 0.9625 0.50703125 0.0234375 0.0171875
0 0.984375 0.5078125 0.0203125 0.0125
0 0.94140625 0.4890625 0.025 0.01875
0 0.925 0.4796875 0.0265625 0.01875
0 0.8921875 0.5 0.025 0.0171875
0 0.93984375 0.50625 0.0234375 0.0171875
0 0.99140625 0.521875 0.0171875 0.0140625
0 0.97265625 0.52109375 0.0265625 0.01875
0 0.94375 0.5171875 0.0203125 0.0109375
0 0.9203125 0.521875 0.0234375 0.01875
0 0.9046875 0.51875 0.021875 0.0171875
0 0.9171875 0.50625 0.025 0.0171875
0 0.92109375 0.49375 0.0234375 0.0140625
0 0.93828125 0.528125 0.025 0.01875
0 0.95546875 0.53828125 0.025 0.01875
0 0.97265625 0.53515625 0.0171875 0.0140625
0 0.9703125 0.54375 0.0109375 0.009375
0 0.95625 0.55078125 0.0171875 0.0140625
0 0.9359375 0.54609375 0.0234375 0.015625
0 0.91484375 0.53515625 0.0203125 0.0125
0 0.90625 0.53203125 0.0140625 0.0109375
0 0.92890625 0.57109375 0.021875 0.0140625
0 0.921875 0.56015625 0.025 0.015625
0 0.94453125 0.559375 0.0234375 0.01875
0 0.91875 0.54609375 0.01875 0.0140625
0 0.96875 0.48828125 0.021875 0.015625
0 0.98203125 0.475 0.021875 0.015625
0 0.99140625 0.45546875 0.0171875 0.0140625
0 0.95703125 0.45703125 0.021875 0.0171875
0 0.91484375 0.45234375 0.021875 0.0140625
0 0.91328125 0.4671875 0.021875 0.0171875
0 0.9 0.4671875 0.015625 0.015625
0 0.88203125 0.478125 0.0234375 0.0140625
0 0.89375 0.4875 0.025 0.0140625
0 0.90625 0.48203125 0.0171875 0.015625
0 0.89296875 0.5140625 0.01875 0.0140625
0 0.40234375 0.5609375 0.0125 0.0125
0 0.41171875 0.56171875 0.009375 0.0109375
0 0.39765625 0.546875 0.0171875 0.0140625
0 0.44140625 0.521875 0.015625 0.0140625
0 0.3984375 0.53203125 0.015625 0.0109375
0 0.4171875 0.5359375 0.0171875 0.0109375
0 0.41484375 0.5296875 0.01875 0.0125
0 0.4171875 0.515625 0.0140625 0.0140625
0 0.42890625 0.5234375 0.0125 0.0140625
0 0.40234375 0.52421875 0.01875 0.015625
0 0.45078125 0.5109375 0.01875 0.0140625
0 0.41875 0.49296875 0.015625 0.0140625
0 0.40859375 0.47578125 0.0171875 0.0140625
0 0.390625 0.475 0.01875 0.0140625
0 0.425 0.48046875 0.01875 0.015625
0 0.40859375 0.4875 0.015625 0.0125
0 0.38515625 0.48203125 0.021875 0.0109375
0 0.37578125 0.48671875 0.01875 0.015625
0 0.40390625 0.50078125 0.0203125 0.015625
0 0.38125 0.515625 0.0203125 0.0140625
0 0.3640625 0.50546875 0.0125 0.0109375
0 0.371875 0.49765625 0.0171875 0.0109375
0 0.3546875 0.5078125 0.0140625 0.0125
0 0.328125 0.51796875 0.0203125 0.015625
0 0.33046875 0.53359375 0.015625 0.0125
0 0.31953125 0.55078125 0.0171875 0.0125
0 0.325 0.54296875 0.0140625 0.0109375
0 0.31484375 0.534375 0.0171875 0.009375
0 0.31796875 0.5078125 0.01875 0.0140625
0 0.31328125 0.5234375 0.0265625 0.0171875
0 0.325 0.49765625 0.01875 0.0109375
0 0.309375 0.51015625 0.0140625 0.0140625
0 0.3375 0.5078125 0.01875 0.015625
0 0.334375 0.54296875 0.00625 0.0078125
0 0.2109375 0.54453125 0.009375 0.0078125
0 0.203125 0.54453125 0.00625 0.0078125
0 0.36796875 0.51171875 0.0125 0.0046875
0 0.378125 0.50390625 0.015625 0.0125
0 0.3984375 0.51171875 0.015625 0.0125
0 0.41171875 0.5046875 0.0125 0.0109375
0 0.27734375 0.4484375 0.0109375 0.0140625
0 0.26796875 0.44765625 0.0109375 0.0109375
0 0.25234375 0.4578125 0.021875 0.015625
0 0.2546875 0.4703125 0.0203125 0.0140625
0 0.25859375 0.396875 0.015625 0.0125
0 0.25 0.40390625 0.0140625 0.0109375
0 0.25703125 0.4328125 0.015625 0.0125
0 0.234375 0.43515625 0.0109375 0.0078125
0 0.234375 0.44296875 0.009375 0.0078125
0 0.25546875 0.41484375 0.01875 0.0140625
0 0.2484375 0.41875 0.0125 0.009375
0 0.22109375 0.44296875 0.009375 0.0078125
0 0.2171875 0.45625 0.009375 0.0078125
0 0.23828125 0.47109375 0.0109375 0.0078125
0 0.23359375 0.4765625 0.0109375 0.0078125
0 0.2046875 0.45234375 0.0078125 0.00625
0 0.2015625 0.42265625 0.021875 0.0140625
0 0.21484375 0.47421875 0.009375 0.0078125
0 0.24375 0.4390625 0.009375 0.0078125
0 0.2046875 0.3859375 0.0140625 0.0140625
0 0.1921875 0.38359375 0.0203125 0.015625
0 0.2171875 0.365625 0.009375 0.0109375
0 0.128125 0.47890625 0.0234375 0.0140625
0 0.2390625 0.42578125 0.009375 0.00625
0 0.19609375 0.4359375 0.009375 0.0109375
0 0.19296875 0.42890625 0.0109375 0.0125
0 0.18828125 0.4046875 0.0171875 0.0140625
0 0.19609375 0.4109375 0.0125 0.0140625
0 0.0375 0.63046875 0.075 0.0703125
0 0.00703125 0.58671875 0.0140625 0.0171875
0 0.0546875 0.57578125 0.0671875 0.0328125
0 0.07265625 0.5484375 0.065625 0.0453125
0 0.12265625 0.53046875 0.053125 0.0546875
0 0.0625 0.50546875 0.090625 0.06875
0 0.01171875 0.48359375 0.0234375 0.0765625
0 0.02421875 0.55 0.0484375 0.071875
0 0.13671875 0.43984375 0.071875 0.0640625
0 0.06875 0.440625 0.0890625 0.0640625
0 0.04921875 0.38359375 0.0875 0.05625
0 0.03125 0.41796875 0.0578125 0.071875
0 0.01484375 0.6171875 0.0296875 0.059375
0 0.22890625 0.46796875 0.009375 0.009375
0 0.2140625 0.46640625 0.00625 0.0046875
0 0.23984375 0.453125 0.0078125 0.0078125
0 0.21875 0.4484375 0.009375 0.00625
0 0.23984375 0.41875 0.0109375 0.0078125
0 0.4859375 0.32265625 0.0890625 0.059375
0 0.5046875 0.36328125 0.1015625 0.0796875
0 0.7984375 0.39375 0.1109375 0.084375
0 0.72265625 0.41484375 0.0890625 0.078125
0 0.640625 0.41796875 0.0828125 0.0859375
0 0.60703125 0.36015625 0.1140625 0.0953125
0 0.546875 0.434375 0.121875 0.1015625
0 0.4953125 0.4140625 0.034375 0.0390625
0 0.4546875 0.41484375 0.0625 0.0390625
0 0.4578125 0.4453125 0.084375 0.065625
0 0.47109375 0.47578125 0.0390625 0.0234375
0 0.4984375 0.4796875 0.0421875 0.040625
0 0.5359375 0.51640625 0.1109375 0.08125
0 0.50234375 0.55 0.0859375 0.0640625
0 0.54453125 0.6 0.0734375 0.05
0 0.63359375 0.63125 0.0296875 0.0203125
0 0.6359375 0.60234375 0.01875 0.0125
0 0.61953125 0.615625 0.0265625 0.0203125
0 0.63828125 0.61640625 0.0171875 0.015625
0 0.64765625 0.6078125 0.015625 0.009375
0 0.621875 0.7421875 0.1078125 0.090625
0 0.5421875 0.7109375 0.0921875 0.071875
0 0.5125 0.65390625 0.0953125 0.075
0 0.665625 0.68671875 0.071875 0.078125
0 0.6 0.665625 0.1015625 0.0828125
0 0.68203125 0.57421875 0.0953125 0.0859375
0 0.59140625 0.56796875 0.115625 0.090625
0 0.64140625 0.4890625 0.1015625 0.08125
0 0.6828125 0.52421875 0.0546875 0.0390625
0 0.7234375 0.4796875 0.084375 0.0703125
0 0.4140625 0.5484375 0.015625 0.0125
0 0.809375 0.50625 0.1125 0.090625
0 0.85078125 0.44609375 0.10625 0.071875
0 0.721875 0.5140625 0.01875 0.0109375
0 0.72890625 0.52265625 0.021875 0.015625
0 0.7484375 0.525 0.0171875 0.0140625
0 0.7609375 0.5453125 0.0203125 0.0140625
0 0.75390625 0.53515625 0.0140625 0.0140625
0 0.7375 0.53515625 0.021875 0.015625
0 0.7546875 0.55390625 0.021875 0.0171875
0 0.74140625 0.546875 0.0171875 0.0125
0 0.753125 0.56875 0.0203125 0.015625
0 0.74765625 0.57734375 0.015625 0.0125
0 0.73359375 0.571875 0.015625 0.0140625