0 0.52421875 0.290625 0.2171875 0.21875
0 0.55390625 0.13984375 0.2015625 0.1359375
0 0.3875 0.278125 0.159375 0.146875
0 0.42578125 0.35859375 0.128125 0.1140625
0 0.36328125 0.42421875 0.1421875 0.159375
0 0.521875 0.44765625 0.13125 0.109375
0 0.47578125 0.209375 0.096875 0.0796875
0 0.6046875 0.24609375 0.1421875 0.1171875
0 0.59453125 0.16484375 0.1953125 0.121875
0 0.615625 0.08203125 0.2265625 0.1359375
0 0.6546875 0.2953125 0.103125 0.103125
0 0.5703125 0.396875 0.0953125 0.0796875
0 0.63828125 0.43671875 0.140625 0.1328125
0 0.64375 0.365625 0.11875 0.084375
0 0.65 0.24609375 0.0390625 0.0328125
0 0.684375 0.3015625 0.05625 0.053125
0 0.7109375 0.3421875 0.078125 0.0625
0 0.7296875 0.39609375 0.1625 0.1515625
0 0.69453125 0.42265625 0.0703125 0.065625
0 0.725 0.475 0.10625 0.09375
0 0.659375 0.5 0.078125 0.0625
0 0.68515625 0.546875 0.1171875 0.1
0 0.7453125 0.51171875 0.075 0.0625
0 0.75546875 0.5515625 0.0578125 0.059375
0 0.72421875 0.596875 0.1328125 0.1109375
0 0.80390625 0.603125 0.1640625 0.115625
0 0.5140625 0.57890625 0.1453125 0.1140625
0 0.63359375 0.61484375 0.140625 0.1671875
0 0.58359375 0.4890625 0.1125 0.096875
0 0.5421875 0.64453125 0.115625 0.1
0 0.50390625 0.51015625 0.1078125 0.0890625
0 0.44765625 0.41953125 0.1 0.084375
0 0.44140625 0.48515625 0.096875 0.0859375
0 0.39609375 0.54375 0.1671875 0.115625
0 0.696875 0.659375 0.1171875 0.0953125
0 0.71640625 0.71875 0.125 0.1140625
0 0.55546875 0.7046875 0.165625 0.125
0 0.62890625 0.75 0.1421875 0.1484375
0 0.70859375 0.8078125 0.1453125 0.15
0 0.7890625 0.6875 0.1421875 0.1171875
0 0.76640625 0.74453125 0.071875 0.0640625
0 0.53671875 0.7703125 0.1015625 0.071875
0 0.575 0.8296875 0.1578125 0.1421875
0 0.6578125 0.86015625 0.115625 0.125
0 0.56328125 0.890625 0.1234375 0.08125
0 0.52734375 0.82578125 0.078125 0.0703125
0 0.50859375 0.865625 0.0390625 0.0578125
0 0.45625 0.73125 0.1546875 0.1078125
0 0.44921875 0.665625 0.153125 0.1046875
0 0.4296875 0.63828125 0.1203125 0.0828125
0 0.45859375 0.58125 0.065625 0.0546875
0 0.43984375 0.78125 0.0578125 0.0453125
0 0.3859375 0.75 0.0734375 0.06875
0 0.28125 0.6296875 0.096875 0.0796875
0 0.32734375 0.6125 0.128125 0.11875
0 0.246875 0.46640625 0.1171875 0.125
0 0.31640625 0.33046875 0.13125 0.121875
0 0.2671875 0.37578125 0.0765625 0.0703125
0 0.21875 0.415625 0.1421875 0.1359375
0 0.1890625 0.52578125 0.071875 0.0625
0 0.2515625 0.55625 0.1203125 0.0890625
0 0.31328125 0.44375 0.125 0.1421875
0 0.32734375 0.5359375 0.1046875 0.0828125
0 0.36484375 0.5234375 0.09375 0.075
0 0.20390625 0.37265625 0.1546875 0.11875
0 0.2015625 0.3171875 0.0734375 0.065625
0 0.2828125 0.24765625 0.2609375 0.1671875
0 0.29296875 0.18515625 0.05625 0.0390625
0 0.3328125 0.16015625 0.1109375 0.1046875
0 0.42421875 0.14140625 0.146875 0.121875
0 0.0765625 0.365625 0.0828125 0.071875
0 0.51328125 0.05234375 0.1359375 0.1046875
0 0.3984375 0.078125 0.0546875 0.05625
0 0.35859375 0.09140625 0.059375 0.0546875
0 0.61875 0.01171875 0.075 0.0234375
0 0.6125 0.54140625 0.0828125 0.0734375
0 0.4234375 0.5828125 0.0515625 0.034375
0 0.4078125 0.61640625 0.075 0.0671875
0 0.37734375 0.69375 0.0828125 0.0734375
0 0.35390625 0.709375 0.0921875 0.0984375
0 0.359375 0.63515625 0.0953125 0.075
0 0.5109375 0.3609375 0.125 0.1171875
0 0.028125 0.4296875 0.05625 0.09375
0 0.07109375 0.41171875 0.071875 0.0828125
0 0.02265625 0.375 0.0453125 0.053125
0 0.03203125 0.32265625 0.0640625 0.0796875
0 0.06875 0.23828125 0.075 0.075
0 0.13203125 0.2546875 0.0796875 0.0609375
0 0.140625 0.4328125 0.10625 0.1078125
0 0.0296875 0.4703125 0.059375 0.078125
0 0.05390625 0.5140625 0.0984375 0.1046875
0 0.07265625 0.46328125 0.0609375 0.05
0 0.1234375 0.4765625 0.0609375 0.0640625
0 0.1796875 0.503125 0.078125 0.065625
0 0.16328125 0.48984375 0.0484375 0.0484375
0 0.1234375 0.31328125 0.109375 0.0921875
0 0.13828125 0.3625 0.1125 0.0765625
0 0.27421875 0.596875 0.0609375 0.05625
0 0.49296875 0.02109375 0.0796875 0.0421875
0 0.56875 0.0390625 0.08125 0.078125
0 0.2625 0.515625 0.1234375 0.0734375