0 0.3734375 0.2046875 0.1875 0.228125
0 0.5875 0.18984375 0.1859375 0.2
0 0.4640625 0.06640625 0.146875 0.1328125
0 0.4875 0.2484375 0.153125 0.1953125
0 0.6046875 0.365625 0.24375 0.196875
0 0.35625 0.3828125 0.140625 0.1203125
0 0.48046875 0.35234375 0.11875 0.1015625
0 0.640625 0.278125 0.121875 0.1015625
0 0.7453125 0.371875 0.2390625 0.178125
0 0.64609375 0.45078125 0.140625 0.1359375
0 0.53203125 0.40234375 0.09375 0.08125
0 0.446875 0.4265625 0.15 0.1546875
0 0.50625 0.51640625 0.1421875 0.125
0 0.55078125 0.45859375 0.1171875 0.1015625
0 0.57265625 0.51953125 0.0578125 0.075
0 0.2890625 0.240625 0.1671875 0.1890625
0 0.38828125 0.31484375 0.11875 0.0828125
0 0.61328125 0.596875 0.1515625 0.128125
0 0.24765625 0.3703125 0.1671875 0.1390625
0 0.2265625 0.2875 0.0796875 0.08125
0 0.16328125 0.1265625 0.1671875 0.1328125
0 0.3890625 0.078125 0.1171875 0.109375
0 0.375 0.04921875 0.0625 0.0484375
0 0.38984375 0.51171875 0.1203125 0.10625
0 0.33046875 0.45859375 0.1921875 0.1390625
0 0.3515625 0.009375 0.1 0.01875
0 0.33984375 0.115625 0.084375 0.1
0 0.33828125 0.04609375 0.1421875 0.0921875
0 0.29140625 0.11875 0.10625 0.11875
0 0.24453125 0.12421875 0.0796875 0.0671875
0 0.23359375 0.08984375 0.090625 0.0671875
0 0.2390625 0.03671875 0.171875 0.0734375
0 0.21875 0.065625 0.1078125 0.09375
0 0.153125 0.03359375 0.0875 0.0671875
0 0.15 0.0109375 0.059375 0.021875
0 0.1578125 0.259375 0.1203125 0.0953125
0 0.18203125 0.19140625 0.153125 0.1140625
0 0.09453125 0.1703125 0.05 0.0546875
0 0.0984375 0.209375 0.09375 0.1171875
0 0.203125 0.346875 0.2078125 0.1421875
0 0.1046875 0.2796875 0.0640625 0.046875
0 0.06328125 0.3171875 0.0828125 0.1046875
0 0.4765625 0.615625 0.1953125 0.1765625
0 0.5546875 0.584375 0.11875 0.10625
0 0.56796875 0.678125 0.134375 0.15625
0 0.4609375 0.665625 0.1421875 0.1171875
0 0.475 0.76875 0.1375 0.125
0 0.36484375 0.6828125 0.1375 0.1578125
0 0.49296875 0.72578125 0.0921875 0.06875
0 0.38359375 0.73359375 0.115625 0.128125
0 0.31953125 0.5953125 0.2 0.1765625
0 0.28515625 0.68828125 0.0953125 0.0859375
0 0.29609375 0.540625 0.1203125 0.1140625
0 0.20703125 0.49765625 0.11875 0.1015625
0 0.22890625 0.590625 0.125 0.1171875
0 0.08515625 0.3828125 0.10625 0.0953125
0 0.0578125 0.39453125 0.1125 0.1109375
0 0.1234375 0.42109375 0.065625 0.06875
0 0.165625 0.4046875 0.0828125 0.0671875
0 0.27421875 0.459375 0.1078125 0.10625
0 0.2109375 0.42578125 0.046875 0.0421875
0 0.2296875 0.453125 0.0234375 0.0265625
0 0.1921875 0.4421875 0.05625 0.0421875
0 0.1203125 0.3296875 0.13125 0.1140625
0 0.66796875 0.240625 0.03125 0.028125
0 0.5203125 0.01953125 0.0875 0.0390625
0 0.83984375 0.3984375 0.0546875 0.06875
0 0.884375 0.39609375 0.05625 0.0515625
0 0.90078125 0.42109375 0.0890625 0.071875
0 0.98125 0.434375 0.0375 0.065625
0 0.9609375 0.45546875 0.078125 0.0921875
0 0.96328125 0.50234375 0.0328125 0.034375
0 0.82421875 0.79765625 0.0796875 0.0578125
0 0.69609375 0.6765625 0.0828125 0.0640625
0 0.66953125 0.7140625 0.0640625 0.0546875
0 0.76796875 0.753125 0.03125 0.0375
0 0.7390625 0.7328125 0.053125 0.0484375
0 0.65703125 0.68359375 0.065625 0.053125