0 0.1828125 0.16875 0.1171875 0.090625
0 0.16328125 0.103125 0.090625 0.0640625
0 0.06484375 0.17421875 0.1296875 0.0890625
0 0.046875 0.259375 0.09375 0.09375
0 0.0046875 0.31953125 0.009375 0.0296875
0 0.121875 0.35859375 0.13125 0.1234375
0 0.04765625 0.3828125 0.0953125 0.103125
0 0.26640625 0.37421875 0.1265625 0.1140625
0 0.140625 0.23515625 0.1796875 0.1109375
0 0.06640625 0.296875 0.1328125 0.0875
0 0.36796875 0.17890625 0.0796875 0.0796875
0 0.2703125 0.17421875 0.078125 0.053125
0 0.21171875 0.29921875 0.0921875 0.0671875
0 0.29921875 0.29375 0.1125 0.0703125
0 0.2546875 0.2328125 0.1046875 0.075
0 0.3296875 0.23828125 0.0984375 0.1234375
0 0.4125 0.27421875 0.0984375 0.0609375
0 0.5171875 0.2734375 0.0890625 0.0546875
0 0.61875 0.1109375 0.053125 0.05625
0 0.70546875 0.16640625 0.0765625 0.0515625
0 0.7734375 0.1890625 0.1390625 0.075
0 0.65859375 0.2109375 0.071875 0.065625
0 0.475 0.15625 0.08125 0.053125
0 0.47265625 0.2078125 0.059375 0.04375
0 0.565625 0.23046875 0.0796875 0.0671875
0 0.61015625 0.25546875 0.1359375 0.0859375
0 0.14140625 0.40078125 0.1015625 0.0765625
0 0.384375 0.3578125 0.0953125 0.0890625
0 0.47890625 0.3921875 0.128125 0.109375
0 0.45703125 0.30390625 0.1 0.078125
0 0.38046875 0.321875 0.0953125 0.059375
0 0.5359375 0.32578125 0.10625 0.1140625
0 0.68671875 0.275 0.0921875 0.0578125
0 0.7234375 0.2484375 0.0984375 0.071875
0 0.78828125 0.24453125 0.1015625 0.0671875
0 0.7578125 0.3140625 0.1265625 0.08125
0 0.7109375 0.35859375 0.128125 0.0953125
0 0.64609375 0.42421875 0.1453125 0.10625
0 0.59609375 0.39140625 0.1375 0.084375
0 0.21015625 0.34453125 0.0734375 0.04375
0 0.1734375 0.44609375 0.0515625 0.0640625
0 0.21953125 0.44609375 0.078125 0.0734375
0 0.20078125 0.50078125 0.0640625 0.0671875
0 0.27890625 0.47578125 0.1265625 0.1
0 0.31328125 0.5234375 0.065625 0.0765625
0 0.2453125 0.56484375 0.15625 0.1140625
0 0.2828125 0.62109375 0.146875 0.1
0 0.3890625 0.5171875 0.1265625 0.1265625
0 0.4640625 0.4625 0.1078125 0.1109375
0 0.5640625 0.47421875 0.1421875 0.1140625
0 0.62734375 0.48046875 0.1484375 0.103125
0 0.621875 0.53828125 0.0484375 0.0359375
0 0.56796875 0.57109375 0.134375 0.0765625
0 0.48125 0.5453125 0.09375 0.0734375
0 0.4 0.60234375 0.1140625 0.109375
0 0.3375 0.4265625 0.1390625 0.0953125
0 0.6421875 0.32578125 0.1296875 0.0734375
0 0.28203125 0.6671875 0.121875 0.0671875
0 0.36484375 0.6640625 0.0609375 0.0671875
0 0.43828125 0.6671875 0.1015625 0.109375
0 0.51171875 0.6875 0.1 0.0875
0 0.56171875 0.69453125 0.05 0.0453125
0 0.58671875 0.7421875 0.06875 0.0921875
0 0.53046875 0.75546875 0.109375 0.1203125
0 0.45390625 0.78515625 0.0921875 0.1234375
0 0.4296875 0.7265625 0.090625 0.0765625
0 0.340625 0.72890625 0.1046875 0.1015625
0 0.28671875 0.721875 0.065625 0.0625
0 0.521875 0.8109375 0.0703125 0.0609375
0 0.41796875 0.80703125 0.0703125 0.1015625
0 0.3546875 0.7703125 0.10625 0.075
0 0.58515625 0.63671875 0.1046875 0.0828125
0 0.51328125 0.6171875 0.1328125 0.090625
0 0.875 0.19375 0.04375 0.0484375
0 0.92265625 0.20390625 0.05625 0.01875
0 0.9515625 0.225 0.0765625 0.0375
0 0.86875 0.2609375 0.046875 0.05
0 0.91484375 0.25078125 0.0578125 0.040625
0 0.96171875 0.275 0.0515625 0.0390625
0 0.921875 0.29375 0.0453125 0.0515625
0 0.9515625 0.3140625 0.0421875 0.053125
0 0.9125 0.325 0.046875 0.0421875
0 0.87578125 0.2984375 0.059375 0.0515625
0 0.8421875 0.309375 0.0265625 0.040625
0 0.83203125 0.24296875 0.0453125 0.034375
0 0.00390625 0.44609375 0.0078125 0.0203125
0 0.01875 0.4328125 0.0375 0.01875
0 0.046875 0.46953125 0.04375 0.0359375
0 0.0078125 0.46484375 0.015625 0.0265625
0 0.01640625 0.5 0.028125 0.028125
0 0.053125 0.53359375 0.0421875 0.0390625
0 0.08984375 0.5359375 0.0359375 0.05
0 0.1296875 0.49296875 0.0390625 0.0359375
0 0.128125 0.459375 0.040625 0.046875
0 0.10390625 0.4609375 0.025 0.034375
0 0.0734375 0.48359375 0.040625 0.0296875
0 0.02265625 0.4703125 0.0375 0.040625
0 0.04453125 0.5015625 0.0328125 0.0328125