0 0.50234375 0.071875 0.121875 0.121875
0 0.565625 0.15546875 0.1265625 0.1375
0 0.66015625 0.14609375 0.1109375 0.1234375
0 0.62734375 0.18515625 0.11875 0.1375
0 0.67109375 0.22421875 0.1 0.1125
0 0.72890625 0.26015625 0.0640625 0.0625
0 0.7390625 0.31953125 0.0890625 0.08125
0 0.7734375 0.41484375 0.1359375 0.115625
0 0.7375 0.46875 0.128125 0.1359375
0 0.74921875 0.5109375 0.1078125 0.08125
0 0.7046875 0.3625 0.1375 0.1140625
0 0.6234375 0.384375 0.1453125 0.096875
0 0.5546875 0.43515625 0.165625 0.1234375
0 0.315625 0.23046875 0.1171875 0.1078125
0 0.4265625 0.234375 0.146875 0.121875
0 0.41953125 0.19609375 0.0984375 0.0703125
0 0.54921875 0.27109375 0.1765625 0.171875
0 0.6328125 0.2828125 0.153125 0.1515625
0 0.41796875 0.34609375 0.1171875 0.1296875
0 0.32578125 0.3765625 0.1265625 0.1015625
0 0.209375 0.42890625 0.2015625 0.1203125
0 0.3015625 0.51484375 0.1203125 0.13125
0 0.36796875 0.48359375 0.109375 0.1
0 0.43515625 0.4375 0.1171875 0.1015625
0 0.478125 0.38125 0.103125 0.0796875
0 0.2390625 0.30078125 0.134375 0.11875
0 0.32265625 0.3109375 0.1046875 0.1078125
0 0.56015625 0.353125 0.115625 0.0765625
0 0.48828125 0.315625 0.1375 0.1125
0 0.6671875 0.42421875 0.096875 0.0796875
0 0.225 0.57578125 0.0859375 0.075
0 0.21015625 0.66015625 0.0890625 0.0890625
0 0.3984375 0.66875 0.159375 0.1453125
0 0.334375 0.7046875 0.125 0.0984375
0 0.28203125 0.675 0.0671875 0.0546875
0 0.278125 0.61484375 0.1015625 0.128125
0 0.375 0.6078125 0.0625 0.04375
0 0.36796875 0.5609375 0.1046875 0.1015625
0 0.4453125 0.54140625 0.1234375 0.1390625
0 0.5484375 0.50234375 0.165625 0.14375
0 0.55546875 0.58203125 0.1078125 0.0875
0 0.66796875 0.5890625 0.1625 0.153125
0 0.625 0.47421875 0.090625 0.0703125
0 0.66328125 0.53984375 0.0921875 0.0859375
0 0.7375 0.57265625 0.134375 0.1578125
0 0.7625 0.54375 0.0453125 0.03125
0 0.78984375 0.6671875 0.1578125 0.1171875
0 0.46796875 0.6140625 0.1109375 0.096875
0 0.525 0.65390625 0.1 0.0875
0 0.59296875 0.6296875 0.0921875 0.08125
0 0.61015625 0.6984375 0.121875 0.1203125
0 0.4703125 0.68671875 0.090625 0.0890625
0 0.3640625 0.74296875 0.0796875 0.075
0 0.39765625 0.74296875 0.1140625 0.09375
0 0.42109375 0.775 0.1640625 0.1296875
0 0.52109375 0.74140625 0.1046875 0.0859375
0 0.70625 0.72578125 0.1234375 0.0984375
0 0.78125 0.728125 0.090625 0.071875
0 0.81484375 0.728125 0.11875 0.0875
0 0.40859375 0.8359375 0.078125 0.05625
0 0.48203125 0.8546875 0.1875 0.1875
0 0.5640625 0.88203125 0.146875 0.1640625
0 0.51640625 0.95625 0.071875 0.0734375
0 0.6828125 0.87578125 0.1484375 0.171875
0 0.59765625 0.7796875 0.109375 0.1046875
0 0.76796875 0.7953125 0.209375 0.1515625
0 0.76796875 0.88046875 0.1390625 0.1546875
0 0.76640625 0.92890625 0.0859375 0.05625
0 0.825 0.85859375 0.0578125 0.0578125
0 0.659375 0.93125 0.18125 0.1234375
0 0.54609375 0.9703125 0.1328125 0.059375
0 0.6875 0.6578125 0.1453125 0.11875