0 0.75390625 0.0484375 0.025 0.0109375
0 0.8421875 0.078125 0.040625 0.03125
0 0.7984375 0.07734375 0.0609375 0.0515625
0 0.8515625 0.115625 0.0625 0.05625
0 0.76484375 0.0921875 0.05 0.0546875
0 0.73359375 0.09140625 0.059375 0.0578125
0 0.7484375 0.125 0.0671875 0.0453125
0 0.80234375 0.1375 0.05 0.040625
0 0.7390625 0.196875 0.025 0.021875
0 0.753125 0.20078125 0.028125 0.0234375
0 0.7609375 0.20625 0.0203125 0.028125
0 0.78984375 0.2234375 0.075 0.0609375
0 0.85390625 0.23203125 0.0296875 0.0265625
0 0.89140625 0.23125 0.053125 0.046875
0 0.90625 0.21875 0.0421875 0.04375
0 0.8125 0.11171875 0.034375 0.03125
0 0.946875 0.24609375 0.0421875 0.0453125
0 0.921875 0.23984375 0.0578125 0.05625
0 0.940625 0.28203125 0.0296875 0.0328125
0 0.859375 0.2609375 0.059375 0.046875
0 0.84296875 0.2921875 0.0546875 0.046875
0 0.91328125 0.27890625 0.0515625 0.04375
0 0.8875 0.29609375 0.0515625 0.0421875
0 0.909375 0.32265625 0.028125 0.0328125
0 0.87734375 0.32265625 0.05625 0.05
0 0.84453125 0.33125 0.05625 0.0484375
0 0.8578125 0.371875 0.05625 0.046875
0 0.259375 0.02421875 0.0625 0.0484375
0 0.2953125 0.03203125 0.075 0.0640625
0 0.34921875 0.08203125 0.084375 0.075
0 0.31953125 0.07109375 0.0546875 0.04375
0 0.2765625 0.0765625 0.078125 0.06875
0 0.31640625 0.12890625 0.0828125 0.075
0 0.13046875 0.08671875 0.0671875 0.0578125
0 0.678125 0.0859375 0.0203125 0.01875
0 0.0921875 0.08515625 0.028125 0.05
0 0.1 0.13359375 0.0640625 0.0546875
0 0.253125 0.184375 0.084375 0.0671875
0 0.27734375 0.19609375 0.0515625 0.0546875
0 0.09296875 0.18203125 0.0765625 0.0765625
0 0.13515625 0.20234375 0.06875 0.0484375
0 0.2140625 0.2546875 0.0828125 0.06875
0 0.2390625 0.24375 0.084375 0.071875
0 0.1953125 0.2109375 0.0625 0.0546875
0 0.28203125 0.26328125 0.065625 0.0609375
0 0.3390625 0.28515625 0.1 0.0921875
0 0.3625 0.35234375 0.1265625 0.10625
0 0.19609375 0.3359375 0.1015625 0.08125
0 0.10625 0.31796875 0.1140625 0.090625
0 0.13359375 0.24921875 0.10625 0.0859375
0 0.1796875 0.29375 0.0953125 0.0671875
0 0.24140625 0.2984375 0.059375 0.05625
0 0.2875 0.3359375 0.0625 0.0578125
0 0.234375 0.3515625 0.0734375 0.0703125
0 0.33046875 0.39921875 0.1109375 0.0875
0 0.26015625 0.40390625 0.096875 0.0796875
0 0.1875 0.425 0.10625 0.0859375
0 0.25234375 0.4578125 0.0796875 0.065625
0 0.09609375 0.4234375 0.09375 0.0765625
0 0.15234375 0.36875 0.084375 0.0703125
0 0.1859375 0.50546875 0.0828125 0.0640625
0 0.1328125 0.4765625 0.078125 0.065625
0 0.2046875 0.4796875 0.06875 0.046875
0 0.225 0.5265625 0.0703125 0.059375
0 0.065625 0.46953125 0.0734375 0.05625
0 0.109375 0.503125 0.08125 0.0546875
0 0.1703125 0.44921875 0.0953125 0.065625
0 0.02421875 0.4078125 0.0421875 0.059375
0 0.01328125 0.4515625 0.0265625 0.046875
0 0.0328125 0.4796875 0.065625 0.0625
0 0.1671875 0.52734375 0.075 0.03125
0 0.30078125 0.43828125 0.05 0.0421875
0 0.06171875 0.3640625 0.08125 0.0609375
0 0.04296875 0.2953125 0.021875 0.03125
0 0.0578125 0.2796875 0.04375 0.03125
0 0.05703125 0.4015625 0.059375 0.040625
0 0.04609375 0.4375 0.0578125 0.0484375
0 0.29609375 0.29921875 0.0640625 0.05
0 0.384375 0.20703125 0.1015625 0.0890625
0 0.53984375 0.153125 0.0671875 0.053125
0 0.5125 0.17734375 0.1015625 0.09375
0 0.60546875 0.2453125 0.115625 0.10625
0 0.64375 0.28515625 0.1046875 0.0921875
0 0.690625 0.26484375 0.084375 0.075
0 0.75078125 0.28046875 0.078125 0.078125
0 0.7890625 0.2921875 0.028125 0.0375
0 0.58515625 0.2078125 0.103125 0.078125
0 0.51953125 0.246875 0.1078125 0.0875
0 0.4359375 0.309375 0.0859375 0.0859375
0 0.52109375 0.30546875 0.1140625 0.0875
0 0.54765625 0.34140625 0.121875 0.1015625
0 0.63203125 0.340625 0.103125 0.071875
0 0.43984375 0.4015625 0.13125 0.1109375
0 0.4625 0.3578125 0.084375 0.0546875
0 0.53046875 0.41484375 0.1125 0.096875
0 0.38984375 0.4484375 0.0375 0.0328125
0 0.33984375 0.2453125 0.05625 0.046875
0 0.71484375 0.33125 0.1078125 0.0953125
0 0.74140625 0.3625 0.1078125 0.096875
0 0.81171875 0.41015625 0.11875 0.090625
0 0.803125 0.34375 0.1046875 0.096875
0 0.63046875 0.4 0.1296875 0.10625
0 0.590625 0.47578125 0.1171875 0.103125
0 0.69609375 0.4046875 0.0484375 0.0390625
0 0.73671875 0.428125 0.0640625 0.0484375
0 0.778125 0.4640625 0.128125 0.1046875
0 0.825 0.50234375 0.0328125 0.0375
0 0.784375 0.50625 0.0609375 0.040625
0 0.7296875 0.50234375 0.059375 0.053125
0 0.6625 0.52265625 0.0296875 0.0375
0 0.73359375 0.54140625 0.05 0.04375
0 0.7421875 0.55859375 0.046875 0.0375
0 0.76796875 0.53203125 0.0609375 0.05
0 0.7984375 0.53046875 0.0328125 0.0359375
0 0.7 0.5578125 0.046875 0.0390625
0 0.6734375 0.55 0.01875 0.021875
0 0.6890625 0.52578125 0.0578125 0.0484375
0 0.68203125 0.50234375 0.04375 0.03125
0 0.675 0.45546875 0.1203125 0.103125
0 0.6546875 0.4953125 0.0390625 0.021875
0 0.59453125 0.51953125 0.1109375 0.078125
0 0.40859375 0.484375 0.1078125 0.090625
0 0.48125 0.47734375 0.1203125 0.1015625
0 0.55546875 0.55234375 0.0671875 0.0765625
0 0.50234375 0.52890625 0.1125 0.090625
0 0.509375 0.59609375 0.1140625 0.09375
0 0.42734375 0.60078125 0.1015625 0.0875
0 0.36015625 0.553125 0.115625 0.09375
0 0.34453125 0.53046875 0.0703125 0.0578125
0 0.4234375 0.53828125 0.0921875 0.065625
0 0.32421875 0.59921875 0.065625 0.065625
0 0.45234375 0.63671875 0.09375 0.0703125
0 0.453125 0.66484375 0.0984375 0.0703125
0 0.30234375 0.7203125 0.090625 0.0765625
0 0.3125 0.77734375 0.071875 0.059375
0 0.35546875 0.80703125 0.0828125 0.071875
0 0.390625 0.8171875 0.05 0.05625
0 0.45546875 0.69296875 0.06875 0.0453125
0 0.33125 0.66328125 0.1015625 0.0828125
0 0.440625 0.7296875 0.084375 0.0828125
0 0.39921875 0.69140625 0.0390625 0.025