0 0.478125 0.51015625 0.1359375 0.11875
0 0.603125 0.52109375 0.184375 0.20625
0 0.73515625 0.459375 0.1921875 0.1359375
0 0.60625 0.36171875 0.1546875 0.1125
0 0.603125 0.30625 0.1640625 0.1171875
0 0.484375 0.35625 0.115625 0.103125
0 0.3625 0.3765625 0.15 0.1109375
0 0.3140625 0.4765625 0.140625 0.14375
0 0.67890625 0.628125 0.184375 0.1328125
0 0.74375 0.615625 0.225 0.1484375
0 0.603125 0.684375 0.0875 0.084375
0 0.7140625 0.715625 0.1921875 0.1265625
0 0.78203125 0.70390625 0.1390625 0.1296875
0 0.734375 0.78671875 0.1578125 0.128125
0 0.69453125 0.81796875 0.196875 0.171875
0 0.78984375 0.85546875 0.146875 0.1234375
0 0.84609375 0.89765625 0.0796875 0.05625
0 0.77578125 0.9 0.159375 0.1125
0 0.57421875 0.965625 0.1265625 0.06875
0 0.63671875 0.90234375 0.1515625 0.1453125
0 0.58671875 0.775 0.15 0.1625
0 0.52109375 0.61875 0.1453125 0.159375
0 0.39375 0.496875 0.16875 0.1828125
0 0.66640625 0.9359375 0.1390625 0.1015625
0 0.696875 0.54296875 0.09375 0.0984375
0 0.746875 0.5265625 0.0421875 0.0515625
0 0.7234375 0.53203125 0.0453125 0.053125
0 0.77578125 0.48125 0.1078125 0.0734375
0 0.66796875 0.434375 0.1515625 0.10625
0 0.5578125 0.41875 0.1140625 0.084375
0 0.48515625 0.35703125 0.115625 0.1046875
0 0.50703125 0.9703125 0.1265625 0.059375
0 0.5421875 0.9359375 0.11875 0.128125
0 0.4515625 0.90625 0.18125 0.1875
0 0.3640625 0.91640625 0.1359375 0.1046875
0 0.4625 0.78828125 0.178125 0.13125
0 0.4171875 0.7 0.2078125 0.1859375
0 0.3203125 0.81875 0.0625 0.06875
0 0.36171875 0.8484375 0.16875 0.1453125
0 0.34765625 0.77265625 0.05 0.065625
0 0.32890625 0.7015625 0.14375 0.1296875
0 0.31015625 0.76875 0.103125 0.08125
0 0.2796875 0.68046875 0.0859375 0.0796875
0 0.23203125 0.7 0.1171875 0.1203125
0 0.4015625 0.621875 0.159375 0.1421875
0 0.27265625 0.6375 0.0609375 0.065625
0 0.215625 0.628125 0.084375 0.0859375
0 0.146875 0.6515625 0.0859375 0.0546875
0 0.1015625 0.57734375 0.121875 0.1203125
0 0.15546875 0.59296875 0.1625 0.146875
0 0.16875 0.49453125 0.1421875 0.1171875
0 0.16796875 0.40859375 0.1734375 0.1359375
0 0.35859375 0.42578125 0.0875 0.075
0 0.2875 0.57734375 0.18125 0.20625
0 0.878125 0.13828125 0.090625 0.1109375
0 0.86015625 0.07109375 0.0734375 0.071875
0 0.8421875 0.021875 0.075 0.04375
0 0.8203125 0.04375 0.0828125 0.0828125
0 0.82421875 0.13515625 0.071875 0.0984375
0 0.81484375 0.16640625 0.065625 0.0671875
0 0.77265625 0.04921875 0.1046875 0.0859375
0 0.759375 0.01015625 0.090625 0.0203125
0 0.7984375 0.0875 0.0578125 0.05625
0 0.12109375 0.34765625 0.06875 0.059375
0 0.1109375 0.3015625 0.0703125 0.071875
0 0.03125 0.27734375 0.0609375 0.0765625
0 0.06328125 0.27890625 0.04375 0.040625
0 0.1296875 0.228125 0.0671875 0.0546875
0 0.42265625 0.2328125 0.0515625 0.0453125
0 0.42578125 0.3 0.0375 0.0359375
0 0.45859375 0.28515625 0.04375 0.04375
0 0.015625 0.34921875 0.03125 0.0359375
0 0.05625 0.41171875 0.0359375 0.03125
0 0.0265625 0.3875 0.0453125 0.04375