0 0.54921875 0.69375 0.153125 0.1359375
0 0.45859375 0.71484375 0.1359375 0.121875
0 0.42734375 0.72421875 0.1203125 0.1203125
0 0.0421875 0.6515625 0.053125 0.0703125
0 0.03359375 0.5734375 0.0671875 0.084375
0 0.009375 0.525 0.01875 0.05
0 0.02890625 0.49140625 0.0578125 0.0859375
0 0.04609375 0.32890625 0.0921875 0.0921875
0 0.10390625 0.34765625 0.1 0.0890625
0 0.0421875 0.3875 0.084375 0.0875
0 0.0734375 0.44609375 0.109375 0.0953125
0 0.165625 0.56171875 0.1890625 0.18125
0 0.0796875 0.55703125 0.1515625 0.15
0 0.1421875 0.43984375 0.1375 0.13125
0 0.52734375 0.59375 0.1328125 0.1171875
0 0.4515625 0.609375 0.1703125 0.1328125
0 0.3921875 0.64296875 0.1265625 0.103125
0 0.26015625 0.6234375 0.1546875 0.1359375
0 0.328125 0.5875 0.1203125 0.1140625
0 0.31328125 0.50703125 0.1671875 0.1265625
0 0.26953125 0.465625 0.171875 0.146875
0 0.2078125 0.42421875 0.11875 0.0984375
0 0.14765625 0.50078125 0.1328125 0.115625
0 0.28984375 0.35390625 0.19375 0.1484375
0 0.3609375 0.4140625 0.1296875 0.1265625
0 0.384375 0.28125 0.1671875 0.153125
0 0.403125 0.565625 0.1671875 0.1453125
0 0.528125 0.50703125 0.171875 0.15
0 0.58359375 0.44375 0.1625 0.1125
0 0.56640625 0.38515625 0.146875 0.11875
0 0.49140625 0.353125 0.175 0.1453125
0 0.425 0.44609375 0.165625 0.15625
0 0.66328125 0.4390625 0.0265625 0.025
0 0.6578125 0.41640625 0.025 0.025
0 0.64921875 0.44140625 0.0203125 0.0234375
0 0.6484375 0.45078125 0.021875 0.0171875
0 0.609375 0.2921875 0.0328125 0.028125
0 0.65390625 0.39765625 0.01875 0.0171875
0 0.64375 0.39609375 0.015625 0.0140625
0 0.63515625 0.3921875 0.0234375 0.0203125
0 0.659375 0.38671875 0.025 0.01875
0 0.65 0.38125 0.021875 0.01875
0 0.65625 0.3734375 0.021875 0.0171875
0 0.63125 0.371875 0.025 0.025
0 0.6484375 0.3640625 0.021875 0.0171875
0 0.6359375 0.359375 0.021875 0.015625
0 0.62578125 0.35390625 0.01875 0.01875
0 0.64375 0.34609375 0.0265625 0.0203125
0 0.653125 0.35078125 0.025 0.01875
0 0.57578125 0.26328125 0.0328125 0.028125
0 0.52734375 0.3 0.03125 0.025
0 0.55625 0.32109375 0.034375 0.025
0 0.56171875 0.33046875 0.028125 0.021875
0 0.5484375 0.30390625 0.0328125 0.025
0 0.55078125 0.2875 0.028125 0.0234375
0 0.56640625 0.28359375 0.025 0.0234375
0 0.58125 0.28046875 0.028125 0.0234375
0 0.559375 0.29609375 0.0234375 0.0234375
0 0.58125 0.2984375 0.028125 0.0265625
0 0.5796875 0.309375 0.0234375 0.0203125
0 0.59921875 0.30625 0.0359375 0.028125
0 0.590625 0.32734375 0.025 0.021875
0 0.60859375 0.3328125 0.028125 0.025
0 0.6265625 0.33828125 0.025 0.0203125
0 0.646875 0.32890625 0.0265625 0.025
0 0.63125 0.321875 0.025 0.0203125
0 0.63828125 0.3125 0.0234375 0.01875
0 0.61484375 0.31484375 0.0265625 0.0203125
0 0.6234375 0.3015625 0.028125 0.021875
0 0.81328125 0.88359375 0.0171875 0.0140625
0 0.796875 0.88671875 0.0125 0.0109375
0 0.7796875 0.8984375 0.0203125 0.015625
0 0.78671875 0.88828125 0.0171875 0.0125
0 0.79453125 0.8765625 0.0140625 0.009375
0 0.696875 0.9265625 0.0140625 0.0125
0 0.68671875 0.9296875 0.0140625 0.0140625
0 0.6828125 0.9234375 0.0140625 0.0109375
0 0.53828125 0.88203125 0.015625 0.0125
0 0.53515625 0.8890625 0.0125 0.0109375
0 0.63515625 0.85546875 0.01875 0.0140625
0 0.60625 0.825 0.01875 0.0171875
0 0.8125 0.82421875 0.015625 0.0140625
0 0.8703125 0.8234375 0.01875 0.0171875
0 0.8734375 0.81484375 0.0140625 0.0125
0 0.796875 0.275 0.0109375 0.009375
0 0.796875 0.28828125 0.009375 0.0078125
0 0.7921875 0.28671875 0.0140625 0.0125
0 0.78828125 0.2796875 0.0109375 0.009375
0 0.78125 0.275 0.0171875 0.0125
0 0.7796875 0.23671875 0.034375 0.034375
0 0.775 0.26796875 0.015625 0.0140625
0 0.784375 0.26328125 0.0125 0.0140625
0 0.77109375 0.26171875 0.015625 0.0109375
0 0.6796875 0.2859375 0.0140625 0.0125
0 0.68203125 0.28125 0.0171875 0.0125
0 0.6734375 0.2921875 0.0109375 0.0125
0 0.9234375 0.1796875 0.0203125 0.021875
0 0.89375 0.1875 0.0359375 0.0265625
0 0.90703125 0.19453125 0.0375 0.0234375
0 0.88671875 0.21015625 0.0390625 0.028125
0 0.8875 0.2234375 0.0375 0.028125
0 0.7140625 0.33359375 0.0078125 0.00625
0 0.70234375 0.37734375 0.0140625 0.0109375
0 0.69453125 0.378125 0.0125 0.0109375
0 0.6875 0.3765625 0.0109375 0.0078125
0 0.703125 0.3734375 0.0140625 0.0109375
0 0.70078125 0.36953125 0.0140625 0.0078125
0 0.69453125 0.36875 0.0171875 0.0125
0 0.68359375 0.3703125 0.0140625 0.0109375
0 0.6734375 0.36796875 0.015625 0.0125
0 0.66953125 0.36171875 0.0078125 0.0078125
0 0.6609375 0.3578125 0.015625 0.015625
0 0.69140625 0.3578125 0.0125 0.009375
0 0.690625 0.3625 0.0125 0.0078125
0 0.68203125 0.35390625 0.0140625 0.0140625
0 0.67265625 0.35390625 0.015625 0.0140625
0 0.665625 0.34140625 0.0171875 0.0140625
0 0.66796875 0.34609375 0.0140625 0.0109375
0 0.703125 0.35234375 0.0140625 0.0109375
0 0.70234375 0.34765625 0.015625 0.0140625
0 0.6921875 0.353125 0.0140625 0.0125
0 0.69296875 0.34296875 0.01875 0.015625
0 0.70234375 0.34140625 0.015625 0.0125
0 0.6796875 0.3453125 0.015625 0.015625
0 0.67109375 0.33515625 0.01875 0.0140625
0 0.66640625 0.32734375 0.009375 0.0109375
0 0.67265625 0.32265625 0.0171875 0.0140625
0 0.67578125 0.3265625 0.015625 0.0125
0 0.67421875 0.31171875 0.0171875 0.015625
0 0.6734375 0.30390625 0.0171875 0.0109375
0 0.68046875 0.30078125 0.0140625 0.0125
0 0.6671875 0.30234375 0.0109375 0.0078125
0 0.6859375 0.30859375 0.0125 0.0125
0 0.69296875 0.31875 0.0171875 0.0140625
0 0.68359375 0.31953125 0.0109375 0.0125
0 0.68828125 0.32578125 0.015625 0.0125
0 0.6875 0.33515625 0.015625 0.0125
0 0.703125 0.334375 0.0140625 0.0109375
0 0.7 0.3203125 0.0140625 0.0125
0 0.7046875 0.3265625 0.009375 0.0078125
0 0.703125 0.31875 0.0125 0.0109375
0 0.7 0.3109375 0.015625 0.0125
0 0.7046875 0.30859375 0.0109375 0.009375
0 0.6953125 0.303125 0.0109375 0.009375
0 0.70546875 0.31328125 0.0125 0.0109375
0 0.92421875 0.209375 0.0328125 0.025
0 0.928125 0.22109375 0.03125 0.0234375
0 0.940625 0.221875 0.009375 0.01875
0 0.82734375 0.2546875 0.025 0.0203125
0 0.86328125 0.23125 0.0265625 0.0203125
0 0.90625 0.2359375 0.03125 0.028125
0 0.93046875 0.23828125 0.0328125 0.0265625
0 0.91484375 0.25625 0.034375 0.028125
0 0.93984375 0.25625 0.0265625 0.0234375
0 0.95 0.26328125 0.0125 0.021875
0 0.95 0.2765625 0.0203125 0.0234375
0 0.9546875 0.29453125 0.01875 0.021875
0 0.93984375 0.30390625 0.0328125 0.0234375
0 0.93046875 0.3078125 0.0265625 0.025
0 0.9515625 0.3046875 0.028125 0.0234375
0 0.9578125 0.3 0.015625 0.015625
0 0.9625 0.3140625 0.0140625 0.021875
0 0.9578125 0.31640625 0.025 0.021875
0 0.95390625 0.33203125 0.0265625 0.021875
0 0.96015625 0.3265625 0.0203125 0.015625
0 0.92890625 0.33671875 0.0328125 0.0265625
0 0.95 0.35234375 0.0359375 0.028125
0 0.9546875 0.34296875 0.0296875 0.0203125
0 0.9265625 0.3515625 0.0328125 0.025
0 0.9484375 0.36328125 0.03125 0.0234375
0 0.91875 0.340625 0.0296875 0.0203125
0 0.91015625 0.32734375 0.0359375 0.028125
0 0.93984375 0.32109375 0.0296875 0.01875
0 0.92265625 0.31484375 0.0328125 0.0265625
0 0.93203125 0.2875 0.034375 0.0265625
0 0.928125 0.271875 0.03125 0.021875
0 0.88203125 0.234375 0.028125 0.0234375
0 0.896875 0.325 0.0296875 0.025
0 0.8875 0.31015625 0.0328125 0.0265625
0 0.87734375 0.31015625 0.0296875 0.0265625
0 0.915625 0.28984375 0.03125 0.028125
0 0.89453125 0.29296875 0.0296875 0.0265625
0 0.9015625 0.2703125 0.0359375 0.028125
0 0.8671875 0.24921875 0.0359375 0.0296875
0 0.884375 0.26171875 0.0328125 0.0265625
0 0.88125 0.27265625 0.028125 0.021875
0 0.85859375 0.28359375 0.0328125 0.028125
0 0.86953125 0.29453125 0.03125 0.025
0 0.84609375 0.3 0.0296875 0.0265625
0 0.84296875 0.28515625 0.028125 0.025
0 0.846875 0.2609375 0.025 0.0234375
0 0.8609375 0.2703125 0.021875 0.0171875
0 0.84375 0.26796875 0.03125 0.025
0 0.83046875 0.2734375 0.0328125 0.0234375
0 0.83203125 0.2890625 0.0296875 0.021875