0 0.37890625 0.3890625 0.2421875 0.2453125
0 0.25 0.2734375 0.2265625 0.1515625
0 0.49375 0.2859375 0.178125 0.1640625
0 0.51328125 0.38359375 0.1421875 0.1265625
0 0.6140625 0.40078125 0.159375 0.178125
0 0.4875 0.52890625 0.146875 0.121875
0 0.36640625 0.2828125 0.109375 0.0890625
0 0.27578125 0.40390625 0.159375 0.1296875
0 0.2296875 0.32421875 0.2203125 0.134375
0 0.15546875 0.26328125 0.25625 0.1484375
0 0.26484375 0.48203125 0.115625 0.1140625
0 0.40859375 0.51484375 0.10625 0.0875
0 0.375 0.59765625 0.15625 0.146875
0 0.32265625 0.5375 0.134375 0.09375
0 0.234375 0.434375 0.0421875 0.034375
0 0.24140625 0.50859375 0.0640625 0.0578125
0 0.2453125 0.5625 0.0875 0.06875
0 0.26484375 0.6234375 0.18125 0.16875
0 0.31484375 0.6234375 0.0796875 0.0734375
0 0.32265625 0.69140625 0.11875 0.1046875
0 0.39765625 0.66875 0.0875 0.0703125
0 0.40703125 0.72890625 0.1296875 0.1109375
0 0.3296875 0.73671875 0.084375 0.0703125
0 0.34609375 0.78046875 0.0640625 0.0671875
0 0.40625 0.80078125 0.1484375 0.1234375
0 0.33828125 0.86015625 0.184375 0.128125
0 0.5828125 0.64140625 0.1640625 0.1265625
0 0.49921875 0.7546875 0.15625 0.1875
0 0.459375 0.6078125 0.125 0.1078125
0 0.6015625 0.71953125 0.128125 0.1109375
0 0.54609375 0.57265625 0.1203125 0.0984375
0 0.534375 0.45390625 0.1125 0.0953125
0 0.584375 0.5078125 0.1078125 0.096875
0 0.665625 0.5296875 0.1875 0.128125
0 0.4734375 0.8375 0.13125 0.1046875
0 0.49609375 0.9046875 0.1390625 0.1265625
0 0.63046875 0.7828125 0.1859375 0.1390625
0 0.5953125 0.87265625 0.1578125 0.165625
0 0.55703125 0.946875 0.1515625 0.10625
0 0.409375 0.92578125 0.1578125 0.1296875
0 0.46796875 0.96171875 0.0796875 0.0703125
0 0.6921875 0.82890625 0.1140625 0.0796875
0 0.696875 0.903125 0.1734375 0.15
0 0.6328125 0.9578125 0.1078125 0.075
0 0.74375 0.9375 0.128125 0.0546875
0 0.73828125 0.87265625 0.0875 0.078125
0 0.78203125 0.89453125 0.04375 0.065625
0 0.73828125 0.73984375 0.1734375 0.11875
0 0.69921875 0.675 0.171875 0.115625
0 0.69921875 0.6375 0.1359375 0.090625
0 0.634375 0.60546875 0.0734375 0.0609375
0 0.78671875 0.77265625 0.065625 0.0515625
0 0.8140625 0.70859375 0.0828125 0.0765625
0 0.8265625 0.5296875 0.1078125 0.0890625
0 0.7734375 0.5453125 0.14375 0.13125
0 0.746875 0.359375 0.1296875 0.140625
0 0.5921875 0.284375 0.146875 0.1359375
0 0.6671875 0.2921875 0.0859375 0.0796875
0 0.7375 0.2953125 0.159375 0.1515625
0 0.8390625 0.3734375 0.08125 0.0703125
0 0.80390625 0.44375 0.1359375 0.0984375
0 0.67109375 0.384375 0.1390625 0.159375
0 0.721875 0.4765625 0.11875 0.0921875
0 0.67890625 0.490625 0.1046875 0.0828125
0 0.721875 0.24609375 0.1734375 0.13125
0 0.68671875 0.19375 0.08125 0.0734375
0 0.5671875 0.1875 0.29375 0.184375
0 0.51484375 0.13828125 0.0640625 0.0421875
0 0.4625 0.14140625 0.1234375 0.115625
0 0.3671875 0.18828125 0.165625 0.134375
0 0.8328125 0.153125 0.0921875 0.0796875
0 0.22265625 0.1625 0.153125 0.1296875
0 0.3703125 0.021875 0.0859375 0.0375
0 0.34765625 0.11328125 0.0625 0.0625
0 0.3921875 0.096875 0.0671875 0.0625
0 0.09140625 0.1859375 0.0828125 0.065625
0 0.46875 0.67421875 0.0921875 0.08125
0 0.66640625 0.5828125 0.059375 0.0375
0 0.70390625 0.603125 0.084375 0.0734375
0 0.78359375 0.6515625 0.0921875 0.0828125
0 0.81484375 0.65078125 0.103125 0.109375
0 0.76015625 0.5875 0.1078125 0.0828125
0 0.43828125 0.44375 0.1390625 0.13125
0 0.9078125 0.17421875 0.0484375 0.0875
0 0.8671875 0.19140625 0.08125 0.09375
0 0.8828125 0.1234375 0.05 0.0546875
0 0.84921875 0.07734375 0.090625 0.084375
0 0.75234375 0.0375 0.0828125 0.075
0 0.70625 0.09140625 0.0890625 0.0671875
0 0.81953125 0.25703125 0.11875 0.1203125
0 0.93203125 0.278125 0.0671875 0.1046875
0 0.9015625 0.23828125 0.06875 0.05625
0 0.865625 0.28515625 0.06875 0.0703125
0 0.83203125 0.346875 0.0875 0.0734375
0 0.8375 0.3234375 0.0546875 0.053125
0 0.75390625 0.13828125 0.121875 0.1015625
0 0.77421875 0.1921875 0.1265625 0.084375
0 0.81171875 0.4953125 0.06875 0.0625
0 0.15859375 0.125 0.0578125 0.0484375
0 0.21796875 0.1171875 0.0890625 0.0703125
0 0.12265625 0.13125 0.0765625 0.071875
0 0.16328125 0.1875 0.0890625 0.1015625
0 0.76640625 0.4140625 0.1390625 0.0796875