0 0.390625 0.32421875 0.053125 0.046875
0 0.3265625 0.3390625 0.05 0.040625
0 0.72265625 0.50390625 0.0875 0.0625
0 0.78515625 0.528125 0.078125 0.065625
0 0.8265625 0.5390625 0.0640625 0.0640625
0 0.87578125 0.5421875 0.08125 0.065625
0 0.92890625 0.5546875 0.0828125 0.059375
0 0.95625 0.5703125 0.084375 0.078125
0 0.97578125 0.58828125 0.0390625 0.0515625
0 0.9640625 0.51328125 0.071875 0.0609375
0 0.99296875 0.48828125 0.0140625 0.0578125
0 0.95390625 0.46171875 0.0921875 0.0640625
0 0.91875 0.46484375 0.1015625 0.0796875
0 0.921875 0.4125 0.0859375 0.0640625
0 0.890625 0.50703125 0.090625 0.0734375
0 0.840625 0.434375 0.075 0.05625
0 0.7875 0.4390625 0.053125 0.05625
0 0.76484375 0.478125 0.0609375 0.059375
0 0.82890625 0.46953125 0.0984375 0.078125
0 0.8296875 0.50078125 0.0484375 0.0328125
0 0.5203125 0.9 0.0578125 0.05625
0 0.54453125 0.815625 0.084375 0.06875
0 0.49296875 0.81953125 0.0703125 0.0609375
0 0.55390625 0.84609375 0.071875 0.046875
0 0.38515625 0.3890625 0.0875 0.071875
0 0.3171875 0.39296875 0.090625 0.0734375
0 0.2546875 0.41484375 0.0875 0.06875
0 0.2453125 0.4625 0.0890625 0.0671875
0 0.278125 0.50859375 0.078125 0.0640625
0 0.31328125 0.50703125 0.0734375 0.0640625
0 0.35234375 0.44453125 0.08125 0.06875
0 0.20859375 0.51953125 0.0953125 0.0703125
0 0.21796875 0.58671875 0.0875 0.0703125
0 0.19609375 0.56171875 0.0796875 0.0640625
0 0.225 0.60546875 0.0671875 0.05625
0 0.2796875 0.61875 0.065625 0.0453125
0 0.2875 0.60078125 0.0734375 0.0625
0 0.2671875 0.55078125 0.065625 0.0546875
0 0.33125 0.54609375 0.0796875 0.065625
0 0.4 0.56953125 0.1125 0.0859375
0 0.4046875 0.49609375 0.0921875 0.0796875
0 0.43125 0.43125 0.0921875 0.0796875
0 0.46875 0.490625 0.0984375 0.08125
0 0.496875 0.55078125 0.103125 0.084375
0 0.52265625 0.49375 0.065625 0.0609375
0 0.49453125 0.45703125 0.059375 0.0484375
0 0.49765625 0.3984375 0.0640625 0.0578125
0 0.540625 0.43046875 0.071875 0.0671875
0 0.55234375 0.4921875 0.084375 0.071875
0 0.6078125 0.41953125 0.0875 0.0734375
0 0.5625 0.40234375 0.0703125 0.0578125
0 0.66796875 0.48125 0.0984375 0.078125
0 0.6546875 0.52578125 0.08125 0.0640625
0 0.5828125 0.55390625 0.071875 0.059375
0 0.56796875 0.58046875 0.10625 0.0890625
0 0.72734375 0.60703125 0.0890625 0.0765625
0 0.6390625 0.56875 0.053125 0.05
0 0.6484375 0.596875 0.0875 0.0640625
0 0.6375 0.6203125 0.0953125 0.078125
0 0.6703125 0.665625 0.0765625 0.0546875
0 0.71484375 0.6875 0.0953125 0.071875
0 0.65625 0.71640625 0.1 0.08125
0 0.6125 0.68515625 0.084375 0.075
0 0.559375 0.65234375 0.0984375 0.0734375
0 0.5109375 0.63046875 0.1 0.08125
0 0.37421875 0.634375 0.096875 0.08125
0 0.45859375 0.65234375 0.0984375 0.0796875
0 0.35 0.61796875 0.06875 0.0640625
0 0.3375 0.684375 0.0921875 0.0796875
0 0.39453125 0.68046875 0.090625 0.078125
0 0.45390625 0.71328125 0.0578125 0.0453125
0 0.47265625 0.70078125 0.046875 0.0265625
0 0.4609375 0.68984375 0.0609375 0.03125
0 0.496875 0.67890625 0.0609375 0.046875
0 0.55625 0.690625 0.0734375 0.0578125
0 0.53671875 0.71484375 0.0765625 0.06875
0 0.5890625 0.71875 0.0578125 0.0578125
0 0.59453125 0.73828125 0.0546875 0.0453125
0 0.57265625 0.75546875 0.0609375 0.04375
0 0.53203125 0.76484375 0.05 0.046875
0 0.50625 0.7703125 0.059375 0.0375
0 0.50703125 0.74140625 0.08125 0.065625
0 0.19140625 0.46015625 0.0265625 0.0203125
0 0.1765625 0.42890625 0.0265625 0.021875
0 0.19609375 0.425 0.021875 0.01875
0 0.19453125 0.43984375 0.0359375 0.0265625