0 0.4 0.19765625 0.0984375 0.08125
0 0.375 0.2609375 0.0890625 0.0796875
0 0.27421875 0.271875 0.0875 0.065625
0 0.28984375 0.2984375 0.0765625 0.0671875
0 0.334375 0.328125 0.0546875 0.059375
0 0.621875 0.33984375 0.0875 0.0765625
0 0.49921875 0.3640625 0.0984375 0.0828125
0 0.39609375 0.41015625 0.0953125 0.075
0 0.34765625 0.396875 0.09375 0.06875
0 0.2546875 0.39375 0.0421875 0.0421875
0 0.2265625 0.453125 0.0953125 0.0703125
0 0.68984375 0.42421875 0.128125 0.1
0 0.4765625 0.415625 0.0765625 0.071875
0 0.39375 0.459375 0.1390625 0.1015625
0 0.31015625 0.4578125 0.1046875 0.0875
0 0.2109375 0.51640625 0.1109375 0.090625
0 0.171875 0.509375 0.0953125 0.071875
0 0.496875 0.46953125 0.1046875 0.078125
0 0.584375 0.4859375 0.153125 0.115625
0 0.734375 0.49765625 0.0921875 0.071875
0 0.77578125 0.55078125 0.1078125 0.08125
0 0.77890625 0.51328125 0.06875 0.0515625
0 0.678125 0.503125 0.065625 0.059375
0 0.51171875 0.49296875 0.0828125 0.0609375
0 0.4296875 0.52890625 0.134375 0.0921875
0 0.2921875 0.55390625 0.1171875 0.090625
0 0.16328125 0.54765625 0.0640625 0.0546875
0 0.2328125 0.58359375 0.0953125 0.08125
0 0.196875 0.57890625 0.071875 0.0671875
0 0.64140625 0.5546875 0.1359375 0.1078125
0 0.5109375 0.56796875 0.1390625 0.1109375
0 0.45703125 0.6375 0.1375 0.1125
0 0.69609375 0.5625 0.071875 0.0671875
0 0.5640625 0.6015625 0.1046875 0.071875
0 0.33125 0.58984375 0.090625 0.0734375
0 0.4109375 0.5625 0.0875 0.0578125
0 0.2828125 0.6328125 0.0859375 0.0625
0 0.2453125 0.621875 0.0640625 0.0453125
0 0.19453125 0.61953125 0.053125 0.0421875
0 0.20703125 0.646875 0.0828125 0.053125
0 0.15625 0.68671875 0.053125 0.0421875
0 0.25078125 0.678125 0.08125 0.06875
0 0.22265625 0.6953125 0.05 0.0546875
0 0.76796875 0.6328125 0.1171875 0.0953125
0 0.67109375 0.640625 0.1390625 0.1046875
0 0.53125 0.6859375 0.1328125 0.0953125
0 0.44609375 0.71796875 0.1125 0.09375
0 0.371875 0.66328125 0.0859375 0.065625
0 0.35 0.725 0.1140625 0.0859375
0 0.26796875 0.73984375 0.0921875 0.075
0 0.7078125 0.7140625 0.0953125 0.090625
0 0.6265625 0.72578125 0.1234375 0.0984375
0 0.625 0.79140625 0.13125 0.09375
0 0.51015625 0.79609375 0.1140625 0.09375
0 0.41640625 0.77734375 0.0765625 0.065625
0 0.346875 0.7828125 0.0671875 0.0453125
0 0.290625 0.7796875 0.0859375 0.0421875
0 0.23828125 0.77109375 0.04375 0.0453125
0 0.26640625 0.796875 0.0828125 0.0375
0 0.43125 0.809375 0.06875 0.04375
0 0.3421875 0.803125 0.075 0.0375
0 0.634375 0.8765625 0.1328125 0.10625
0 0.55859375 0.84921875 0.0578125 0.046875
0 0.521875 0.90703125 0.115625 0.0984375
0 0.5140625 0.85234375 0.0578125 0.0421875
0 0.409375 0.83515625 0.0734375 0.05625
0 0.35234375 0.85078125 0.090625 0.075
0 0.29140625 0.8578125 0.0640625 0.05625
0 0.396875 0.878125 0.05625 0.04375
0 0.3640625 0.90625 0.0671875 0.059375
0 0.30390625 0.9078125 0.065625 0.05625
0 0.290625 0.89375 0.053125 0.0359375
0 0.68828125 0.7625 0.0359375 0.025