0 0.71796875 0.2171875 0.1140625 0.084375
0 0.73515625 0.1515625 0.0875 0.0609375
0 0.8484375 0.21953125 0.1546875 0.084375
0 0.90078125 0.30390625 0.18125 0.090625
0 0.92421875 0.36171875 0.05625 0.028125
0 0.78515625 0.403125 0.125 0.11875
0 0.86484375 0.42578125 0.1015625 0.1
0 0.64296875 0.42421875 0.121875 0.109375
0 0.76328125 0.28125 0.175 0.103125
0 0.8390625 0.34140625 0.1328125 0.0828125
0 0.53515625 0.23359375 0.0765625 0.0765625
0 0.63203125 0.22578125 0.075 0.05
0 0.69453125 0.34765625 0.090625 0.0640625
0 0.60703125 0.3453125 0.109375 0.065625
0 0.64921875 0.2828125 0.1015625 0.071875
0 0.575 0.29140625 0.09375 0.11875
0 0.49375 0.3296875 0.096875 0.05625
0 0.390625 0.3328125 0.0859375 0.0515625
0 0.284375 0.17578125 0.05 0.053125
0 0.2 0.2328125 0.075 0.0484375
0 0.1328125 0.2578125 0.134375 0.06875
0 0.2484375 0.275 0.0703125 0.0625
0 0.428125 0.21484375 0.078125 0.05
0 0.43203125 0.265625 0.0578125 0.040625
0 0.340625 0.29140625 0.078125 0.0625
0 0.296875 0.31796875 0.13125 0.08125
0 0.7671875 0.4453125 0.096875 0.071875
0 0.52578125 0.41171875 0.090625 0.084375
0 0.4328125 0.44921875 0.125 0.1046875
0 0.45078125 0.3609375 0.096875 0.075
0 0.52734375 0.37578125 0.09375 0.05625
0 0.3734375 0.38515625 0.1015625 0.109375
0 0.221875 0.340625 0.0890625 0.05625
0 0.18515625 0.31484375 0.0953125 0.06875
0 0.12109375 0.31328125 0.0984375 0.0625
0 0.153125 0.38125 0.121875 0.0765625
0 0.2015625 0.42421875 0.125 0.090625
0 0.26796875 0.48671875 0.140625 0.1
0 0.31640625 0.45234375 0.134375 0.078125
0 0.69765625 0.39296875 0.071875 0.040625
0 0.73671875 0.49140625 0.0484375 0.0609375
0 0.69140625 0.49375 0.075 0.0703125
0 0.7125 0.54765625 0.0609375 0.065625
0 0.634375 0.525 0.121875 0.0953125
0 0.6015625 0.5734375 0.0625 0.0734375
0 0.6703125 0.6125 0.1515625 0.1078125
0 0.63515625 0.66875 0.1421875 0.09375
0 0.52578125 0.56953125 0.121875 0.1203125
0 0.44921875 0.51796875 0.103125 0.10625
0 0.35078125 0.53359375 0.1375 0.1078125
0 0.28828125 0.5421875 0.14375 0.096875
0 0.2953125 0.59921875 0.046875 0.034375
0 0.35 0.6296875 0.13125 0.071875
0 0.4359375 0.60078125 0.090625 0.0703125
0 0.51796875 0.65390625 0.109375 0.10625
0 0.57421875 0.478125 0.134375 0.090625
0 0.26796875 0.3890625 0.125 0.06875
0 0.6375 0.71484375 0.11875 0.0625
0 0.5546875 0.71484375 0.059375 0.0640625
0 0.48203125 0.7203125 0.096875 0.1046875
0 0.409375 0.74296875 0.096875 0.084375
0 0.3609375 0.75234375 0.046875 0.0421875
0 0.3375 0.8 0.065625 0.090625
0 0.39375 0.8109375 0.1046875 0.115625
0 0.47109375 0.8375 0.0875 0.11875
0 0.4921875 0.7796875 0.0875 0.0734375
0 0.58125 0.77890625 0.1 0.096875
0 0.63515625 0.76875 0.0625 0.059375
0 0.4046875 0.865625 0.06875 0.059375
0 0.5078125 0.85859375 0.065625 0.0984375
0 0.56875 0.81953125 0.103125 0.071875
0 0.33515625 0.6953125 0.1015625 0.078125
0 0.40625 0.67421875 0.128125 0.0859375
0 0.0328125 0.26640625 0.040625 0.046875
0 0.00703125 0.278125 0.0140625 0.015625
0 0.04140625 0.3328125 0.04375 0.0484375
0 0.01171875 0.32421875 0.021875 0.0375
0 0.00625 0.36640625 0.0125 0.05
0 0.01171875 0.39765625 0.021875 0.040625
0 0.03515625 0.3703125 0.0578125 0.05
0 0.06953125 0.37890625 0.025 0.0390625
0 0.0765625 0.31328125 0.04375 0.034375
0 0.915625 0.4875 0.03125 0.021875
0 0.89453125 0.47421875 0.046875 0.0171875
0 0.86328125 0.5109375 0.04375 0.034375
0 0.90390625 0.50546875 0.0203125 0.0265625
0 0.8953125 0.53984375 0.0265625 0.0265625
0 0.859375 0.575 0.040625 0.0375
0 0.8234375 0.57890625 0.034375 0.0484375
0 0.78203125 0.53671875 0.0375 0.034375
0 0.7828125 0.503125 0.0375 0.0453125
0 0.80625 0.50390625 0.0234375 0.0328125
0 0.83828125 0.52578125 0.040625 0.028125
0 0.8875 0.5109375 0.0359375 0.040625
0 0.8671875 0.5421875 0.03125 0.03125