0 0.57578125 0.375 0.0671875 0.059375
0 0.5 0.38203125 0.0625 0.0515625
0 0.93359375 0.62890625 0.1078125 0.0828125
0 0.97109375 0.6015625 0.0484375 0.06875
0 0.68359375 0.959375 0.1046875 0.08125
0 0.62265625 0.96015625 0.0890625 0.0796875
0 0.6890625 0.98359375 0.0875 0.0328125
0 0.5609375 0.4484375 0.109375 0.09375
0 0.48203125 0.44375 0.1109375 0.0953125
0 0.40625 0.459375 0.1078125 0.0890625
0 0.3890625 0.5125 0.109375 0.0890625
0 0.4203125 0.57109375 0.096875 0.0828125
0 0.46015625 0.57421875 0.0921875 0.0828125
0 0.51484375 0.5078125 0.1015625 0.090625
0 0.33828125 0.57421875 0.1171875 0.09375
0 0.33984375 0.653125 0.1078125 0.090625
0 0.3171875 0.6203125 0.096875 0.0828125
0 0.34375 0.67578125 0.0828125 0.0734375
0 0.40546875 0.6984375 0.0796875 0.0609375
0 0.41796875 0.67890625 0.090625 0.08125
0 0.40078125 0.61796875 0.08125 0.0703125
0 0.475 0.62109375 0.0984375 0.0859375
0 0.55234375 0.659375 0.1390625 0.1140625
0 0.56796875 0.57421875 0.115625 0.1015625
0 0.60625 0.50390625 0.115625 0.103125
0 0.64296875 0.57734375 0.121875 0.10625
0 0.66640625 0.65078125 0.128125 0.109375
0 0.70390625 0.5890625 0.0828125 0.078125
0 0.6765625 0.5421875 0.075 0.0640625
0 0.68828125 0.475 0.08125 0.0734375
0 0.73359375 0.51796875 0.090625 0.084375
0 0.73984375 0.59140625 0.10625 0.09375
0 0.8125 0.5140625 0.109375 0.0953125
0 0.76328125 0.4875 0.0875 0.075
0 0.8734375 0.5953125 0.1234375 0.1015625
0 0.8515625 0.64375 0.1 0.0828125
0 0.76484375 0.66640625 0.090625 0.078125
0 0.74453125 0.69453125 0.1328125 0.1171875
0 0.91640625 0.746875 0.09375 0.0953125
0 0.82734375 0.6921875 0.0671875 0.0640625
0 0.834375 0.725 0.1078125 0.084375
0 0.81875 0.7515625 0.11875 0.1015625
0 0.85 0.8078125 0.09375 0.071875
0 0.890625 0.83671875 0.1015625 0.090625
0 0.82734375 0.8640625 0.125 0.10625
0 0.78046875 0.821875 0.10625 0.096875
0 0.725 0.77734375 0.121875 0.096875
0 0.6703125 0.74453125 0.125 0.1046875
0 0.51328125 0.7296875 0.1203125 0.1046875
0 0.60859375 0.76171875 0.1234375 0.103125
0 0.4875 0.70703125 0.0859375 0.08125
0 0.4640625 0.78203125 0.115625 0.103125
0 0.5296875 0.7859375 0.1125 0.1015625
0 0.59375 0.83203125 0.071875 0.059375
0 0.6171875 0.8203125 0.0578125 0.0375
0 0.6046875 0.80546875 0.0734375 0.04375
0 0.6484375 0.7984375 0.075 0.0625
0 0.715625 0.82109375 0.090625 0.075
0 0.68984375 0.84609375 0.096875 0.0890625
0 0.7484375 0.8578125 0.0734375 0.0734375
0 0.75234375 0.88125 0.0671875 0.0578125
0 0.725 0.89765625 0.075 0.0578125
0 0.6765625 0.903125 0.0625 0.059375
0 0.64609375 0.90546875 0.0734375 0.0515625
0 0.6515625 0.871875 0.1 0.0859375
0 0.08203125 0.42578125 0.04375 0.0328125
0 0.0453125 0.40703125 0.03125 0.021875
0 0.04921875 0.42109375 0.021875 0.0203125
0 0.0296875 0.41640625 0.0265625 0.0203125
0 0.02109375 0.403125 0.028125 0.028125
0 0.00859375 0.4203125 0.009375 0.0171875
0 0.02421875 0.4296875 0.0296875 0.0203125
0 0.06640625 0.4328125 0.034375 0.025
0 0.00859375 0.43671875 0.0171875 0.0234375
0 0.0125 0.4484375 0.025 0.021875
0 0.00703125 0.47578125 0.0140625 0.0265625
0 0.009375 0.4828125 0.01875 0.021875
0 0.003125 0.49453125 0.00625 0.0171875
0 0.3265625 0.503125 0.0328125 0.0265625
0 0.3140625 0.46484375 0.0328125 0.028125
0 0.33671875 0.4625 0.0265625 0.0234375
0 0.3328125 0.4796875 0.0453125 0.034375