0 0.0203125 0.51328125 0.0234375 0.0171875
0 0.0125 0.52890625 0.0234375 0.0171875
0 0.02578125 0.51953125 0.0265625 0.0171875
0 0.05546875 0.5359375 0.0265625 0.021875
0 0.0296875 0.53671875 0.0265625 0.021875
0 0.0578125 0.55234375 0.028125 0.015625
0 0.0171875 0.553125 0.0203125 0.0203125
0 0.0484375 0.565625 0.0203125 0.0140625
0 0.03125 0.5578125 0.028125 0.0203125
0 0.709375 0.31484375 0.03125 0.0125
0 0.72421875 0.33359375 0.03125 0.025
0 0.7546875 0.3671875 0.040625 0.0390625
0 0.73984375 0.3421875 0.0390625 0.028125
0 0.69765625 0.33515625 0.0328125 0.0296875
0 0.66015625 0.33125 0.0390625 0.0234375
0 0.60703125 0.34375 0.0296875 0.0171875
0 0.603125 0.3640625 0.0203125 0.0234375
0 0.79453125 0.32578125 0.0796875 0.059375
0 0.84609375 0.3546875 0.0640625 0.0609375
0 0.91953125 0.31640625 0.034375 0.0453125
0 0.90234375 0.32265625 0.0484375 0.0578125
0 0.875 0.39140625 0.0765625 0.046875
0 0.68125 0.3796875 0.084375 0.065625
0 0.64921875 0.35546875 0.0140625 0.0140625
0 0.553125 0.40625 0.0578125 0.0484375
0 0.615625 0.41171875 0.10625 0.08125
0 0.6953125 0.446875 0.1140625 0.0875
0 0.7375 0.43671875 0.05625 0.075
0 0.8015625 0.43671875 0.1078125 0.0859375
0 0.86640625 0.41484375 0.078125 0.0609375
0 0.28203125 0.5453125 0.0578125 0.0515625
0 0.48125 0.41171875 0.0953125 0.0703125
0 0.4609375 0.44609375 0.065625 0.046875
0 0.43203125 0.50390625 0.10625 0.0828125
0 0.309375 0.559375 0.0765625 0.059375
0 0.5390625 0.45 0.1140625 0.059375
0 0.53359375 0.509375 0.1375 0.0984375
0 0.66171875 0.5140625 0.128125 0.0953125
0 0.75390625 0.48359375 0.075 0.0359375
0 0.89921875 0.4453125 0.03125 0.0546875
0 0.97890625 0.534375 0.0421875 0.05625
0 0.95546875 0.48515625 0.0828125 0.06875
0 0.91328125 0.54921875 0.084375 0.0640625
0 0.96953125 0.5625 0.0609375 0.0625
0 0.98671875 0.621875 0.0265625 0.06875
0 0.93515625 0.63515625 0.090625 0.06875
0 0.8984375 0.60234375 0.0671875 0.053125
0 0.8421875 0.61640625 0.05625 0.0515625
0 0.8640625 0.6671875 0.059375 0.0609375
0 0.865625 0.5109375 0.1265625 0.0890625
0 0.7796875 0.55 0.10625 0.0875
0 0.825 0.58515625 0.06875 0.0734375
0 0.3796875 0.575 0.1109375 0.0875
0 0.4859375 0.5828125 0.1203125 0.0875
0 0.4234375 0.64921875 0.11875 0.0890625
0 0.490625 0.6328125 0.0171875 0.0234375
0 0.54296875 0.60625 0.1046875 0.096875
0 0.61484375 0.59296875 0.1265625 0.0953125
0 0.7359375 0.5765625 0.1296875 0.0953125
0 0.77109375 0.628125 0.09375 0.065625
0 0.27265625 0.609375 0.078125 0.05625
0 0.34609375 0.63203125 0.0859375 0.0640625
0 0.475 0.6625 0.04375 0.059375
0 0.54375 0.66171875 0.1015625 0.0640625
0 0.65859375 0.64921875 0.13125 0.103125
0 0.60078125 0.67734375 0.04375 0.0359375
0 0.79453125 0.66953125 0.1109375 0.08125
0 0.72109375 0.66953125 0.025 0.028125
0 0.72890625 0.68828125 0.0421875 0.0421875
0 0.684375 0.71953125 0.1046875 0.075
0 0.60546875 0.71328125 0.0578125 0.0484375
0 0.53359375 0.70390625 0.0984375 0.0625
0 0.27421875 0.64765625 0.0578125 0.034375
0 0.3703125 0.68671875 0.0640625 0.05
0 0.303125 0.6875 0.071875 0.06875
0 0.35 0.715625 0.078125 0.0359375
0 0.428125 0.7296875 0.078125 0.0578125
0 0.48828125 0.7171875 0.0484375 0.0375
0 0.47578125 0.77109375 0.096875 0.0796875
0 0.3765625 0.7453125 0.071875 0.065625
0 0.31484375 0.7578125 0.0640625 0.0546875
0 0.3 0.78515625 0.0375 0.015625
0 0.4609375 0.81484375 0.040625 0.034375
0 0.48359375 0.8265625 0.0109375 0.015625
0 0.5296875 0.79375 0.115625 0.0921875
0 0.6359375 0.78671875 0.1109375 0.0921875
0 0.70546875 0.78125 0.0671875 0.071875
0 0.6140625 0.83515625 0.09375 0.05625
0 0.5171875 0.86796875 0.1 0.0734375
0 0.5125 0.91171875 0.0984375 0.059375
0 0.59921875 0.89453125 0.09375 0.0734375
0 0.61875 0.9203125 0.0890625 0.0734375
0 0.5515625 0.96328125 0.1078125 0.0734375
0 0.64921875 0.85234375 0.0515625 0.040625
0 0.68125 0.83203125 0.0375 0.03125
0 0.553125 0.74375 0.075 0.04375
0 0.734375 0.7328125 0.046875 0.059375
0 0.78828125 0.73515625 0.0859375 0.0609375
0 0.81640625 0.7515625 0.0453125 0.0390625
0 0.8734375 0.71171875 0.0515625 0.0390625
0 0.72265625 0.825 0.04375 0.040625
0 0.79453125 0.978125 0.040625 0.034375
0 0.8453125 0.96796875 0.0734375 0.053125
0 0.84296875 0.9359375 0.0203125 0.01875
0 0.75625 0.94375 0.05625 0.0453125
0 0.7453125 0.896875 0.0765625 0.0578125
0 0.80078125 0.93125 0.0765625 0.0640625
0 0.84921875 0.90390625 0.1 0.0609375
0 0.7578125 0.846875 0.0828125 0.065625
0 0.8390625 0.85546875 0.0859375 0.065625
0 0.7578125 0.7828125 0.075 0.0578125
0 0.7796875 0.7984375 0.0703125 0.05625
0 0.84609375 0.80234375 0.0859375 0.0671875
0 0.89453125 0.78828125 0.059375 0.040625
0 0.884375 0.75078125 0.0578125 0.04375
0 0.94453125 0.746875 0.0609375 0.046875
0 0.9390625 0.69140625 0.0328125 0.04375
0 0.98515625 0.7703125 0.0296875 0.06875
0 0.975 0.703125 0.05 0.075
0 0.79375 0.371875 0.0671875 0.05
0 0.07734375 0.640625 0.059375 0.0421875
0 0.10703125 0.6578125 0.0546875 0.0203125
0 0.14453125 0.66328125 0.040625 0.0078125
0 0.13984375 0.63515625 0.05625 0.0421875
0 0.153125 0.61484375 0.078125 0.0359375
0 0.18359375 0.621875 0.01875 0.01875
0 0.20703125 0.62265625 0.0421875 0.0296875
0 0.19140625 0.65078125 0.053125 0.028125
0 0.2328125 0.6390625 0.0296875 0.0359375
0 0.1453125 0.48046875 0.034375 0.025
0 0.234375 0.50546875 0.021875 0.0109375
0 0.265625 0.5109375 0.021875 0.0125
0 0.1984375 0.5859375 0.01875 0.0140625