0 0.41875 0.43359375 0.1390625 0.1140625
0 0.534375 0.31015625 0.13125 0.1203125
0 0.64375 0.29296875 0.125 0.1078125
0 0.71171875 0.36328125 0.109375 0.09375
0 0.68359375 0.45390625 0.1015625 0.090625
0 0.759375 0.48046875 0.1015625 0.0890625
0 0.73203125 0.56953125 0.103125 0.090625
0 0.77890625 0.5734375 0.0671875 0.065625
0 0.5578125 0.52109375 0.121875 0.1125
0 0.525 0.4484375 0.115625 0.1015625
0 0.4484375 0.34921875 0.13125 0.1171875
0 0.5453125 0.38828125 0.109375 0.0859375
0 0.61640625 0.440625 0.1015625 0.0890625
0 0.61171875 0.359375 0.096875 0.0921875
0 0.32734375 0.46328125 0.128125 0.1171875
0 0.40234375 0.50078125 0.09375 0.0859375
0 0.44453125 0.63359375 0.140625 0.1234375
0 0.53984375 0.5875 0.1296875 0.103125
0 0.21484375 0.3390625 0.13125 0.1
0 0.31796875 0.20078125 0.13125 0.1125
0 0.42578125 0.140625 0.1125 0.0984375
0 0.12890625 0.13671875 0.0796875 0.08125
0 0.25625 0.1296875 0.0953125 0.0984375
0 0.165625 0.18984375 0.103125 0.0890625
0 0.128125 0.18984375 0.05 0.053125
0 0.2390625 0.2734375 0.096875 0.0921875
0 0.27734375 0.30703125 0.1125 0.0921875
0 0.3265625 0.13984375 0.1140625 0.0890625
0 0.42421875 0.21640625 0.115625 0.0953125
0 0.440625 0.30234375 0.1015625 0.0921875
0 0.35703125 0.37265625 0.128125 0.1125
0 0.20859375 0.39609375 0.1125 0.0953125
0 0.33203125 0.7171875 0.125 0.1125
0 0.37421875 0.56640625 0.1046875 0.0890625
0 0.56640625 0.6421875 0.1046875 0.090625
0 0.56015625 0.690625 0.1171875 0.0984375
0 0.2515625 0.48125 0.1109375 0.0953125
0 0.2921875 0.53671875 0.0984375 0.0921875
0 0.35390625 0.628125 0.115625 0.1015625
0 0.48203125 0.69765625 0.1078125 0.0921875
0 0.509375 0.64296875 0.0578125 0.08125
0 0.4296875 0.7328125 0.0984375 0.09375
0 0.3984375 0.67890625 0.0890625 0.071875
0 0.4890625 0.753125 0.0796875 0.078125
0 0.38671875 0.771875 0.0890625 0.0546875
0 0.3953125 0.8015625 0.0703125 0.0625
0 0.334375 0.77421875 0.084375 0.059375
0 0.2921875 0.69140625 0.059375 0.065625
0 0.63984375 0.5453125 0.1125 0.1015625
0 0.31875 0.6359375 0.1078125 0.0890625
0 0.65234375 0.4984375 0.10625 0.0796875
0 0.6046875 0.603125 0.0421875 0.040625
0 0.4703125 0.5203125 0.096875 0.090625
0 0.4578125 0.57265625 0.075 0.059375
0 0.28984375 0.41484375 0.115625 0.096875
0 0.70078125 0.4 0.0984375 0.0703125
0 0.7296875 0.42734375 0.06875 0.0515625
0 0.32265625 0.58125 0.053125 0.053125
0 0.27109375 0.22265625 0.0796875 0.06875
0 0.32578125 0.265625 0.1046875 0.0671875
0 0.40078125 0.2796875 0.065625 0.0578125
0 0.48515625 0.25546875 0.0984375 0.075
0 0.70546875 0.515625 0.0421875 0.04375
0 0.50234375 0.2015625 0.0734375 0.0609375
0 0.596875 0.23671875 0.078125 0.065625