0 0.425 0.93046875 0.14375 0.1390625
0 0.32109375 0.92578125 0.1484375 0.140625
0 0.23515625 0.94765625 0.0859375 0.090625
0 0.2203125 0.8703125 0.134375 0.1109375
0 0.3703125 0.78125 0.1703125 0.165625
0 0.484375 0.90859375 0.0296875 0.0171875
0 0.446875 0.90546875 0.059375 0.05625
0 0.48203125 0.85390625 0.1375 0.1125
0 0.571875 0.83671875 0.0625 0.05
0 0.5078125 0.7609375 0.2265625 0.1453125
0 0.590625 0.7515625 0.1 0.1078125
0 0.5734375 0.68046875 0.0328125 0.04375
0 0.59765625 0.6265625 0.0421875 0.0375
0 0.359375 0.696875 0.0859375 0.04375
0 0.22421875 0.7671875 0.1609375 0.1890625
0 0.0859375 0.8828125 0.159375 0.125
0 0.08359375 0.80078125 0.1671875 0.1703125
0 0.14609375 0.6578125 0.121875 0.1234375
0 0.05546875 0.70234375 0.1109375 0.1828125
0 0.01328125 0.63203125 0.0265625 0.1453125
0 0.04375 0.546875 0.0875 0.1125
0 0.2875 0.63125 0.1453125 0.1109375
0 0.17109375 0.62109375 0.1046875 0.071875
0 0.08828125 0.55546875 0.1765625 0.1484375
0 0.41328125 0.61640625 0.171875 0.15
0 0.51953125 0.63046875 0.1453125 0.15625
0 0.6203125 0.54765625 0.19375 0.2125
0 0.51875 0.5203125 0.1015625 0.10625
0 0.39375 0.50703125 0.2 0.1765625
0 0.2578125 0.51796875 0.2125 0.184375
0 0.2140625 0.45625 0.146875 0.05
0 0.50390625 0.453125 0.0625 0.0421875
0 0.80859375 0.5265625 0.05625 0.021875
0 0.81328125 0.49296875 0.084375 0.0765625
0 0.7421875 0.4578125 0.0890625 0.125
0 0.8640625 0.44140625 0.084375 0.0875
0 0.78515625 0.38125 0.0765625 0.0734375
0 0.84765625 0.36015625 0.1078125 0.1
0 0.70546875 0.365625 0.1078125 0.090625
0 0.71328125 0.4109375 0.053125 0.0390625
0 0.9734375 0.478125 0.053125 0.04375
0 0.946875 0.41875 0.046875 0.0328125
0 0.9015625 0.4078125 0.034375 0.0296875
0 0.9109375 0.43671875 0.028125 0.0375
0 0.94296875 0.26484375 0.084375 0.096875
0 0.96171875 0.1796875 0.0765625 0.05
0 0.9796875 0.21328125 0.040625 0.0390625
0 0.96796875 0.1171875 0.0640625 0.096875
0 0.97265625 0.0953125 0.0515625 0.028125
0 0.85546875 0.0359375 0.075 0.05
0 0.95 0.0203125 0.1 0.015625
0 0.95078125 0.03828125 0.0984375 0.0484375
0 0.8828125 0.10546875 0.1671875 0.10625
0 0.8046875 0.1234375 0.084375 0.084375
0 0.815625 0.17890625 0.0828125 0.078125
0 0.86484375 0.1734375 0.040625 0.046875
0 0.89921875 0.22421875 0.125 0.0859375
0 0.8625 0.29375 0.075 0.0671875
0 0.790625 0.27265625 0.1109375 0.13125
0 0.634375 0.2734375 0.128125 0.109375
0 0.72734375 0.2515625 0.0640625 0.059375
0 0.740625 0.20390625 0.0875 0.0671875
0 0.7328125 0.09609375 0.0828125 0.06875
0 0.7640625 0.03671875 0.109375 0.059375
0 0.646875 0.03203125 0.0765625 0.05625
0 0.578125 0.0546875 0.0921875 0.1078125
0 0.671875 0.04921875 0.0875 0.090625
0 0.67890625 0.17578125 0.15625 0.1109375
0 0.55546875 0.1484375 0.075 0.071875
0 0.6296875 0.121875 0.1125 0.0953125
0 0.5765625 0.19296875 0.0984375 0.075
0 0.578125 0.24921875 0.0671875 0.0546875
0 0.5 0.33203125 0.0703125 0.084375
0 0.48515625 0.390625 0.075 0.084375
0 0.5296875 0.39375 0.05 0.053125
0 0.53828125 0.35859375 0.08125 0.08125
0 0.55546875 0.33203125 0.075 0.0921875
0 0.42265625 0.3625 0.09375 0.0734375
0 0.4640625 0.23125 0.0828125 0.0859375
0 0.446875 0.2984375 0.0796875 0.0890625
0 0.51875 0.26015625 0.0765625 0.1109375
0 0.3734375 0.2890625 0.10625 0.071875
0 0.40078125 0.228125 0.065625 0.0578125
0 0.51328125 0.16640625 0.08125 0.0921875
0 0.4375 0.171875 0.0875 0.06875
0 0.57578125 0.41015625 0.0484375 0.0375
0 0.54609375 0.4265625 0.034375 0.034375
0 0.2265625 0.31875 0.03125 0.0390625
0 0.22421875 0.35625 0.03125 0.0265625
0 0.26796875 0.3140625 0.03125 0.0265625
0 0.30703125 0.29296875 0.03125 0.03125
0 0.27265625 0.3609375 0.03125 0.0171875
0 0.29921875 0.371875 0.0390625 0.0296875
0 0.25859375 0.37578125 0.03125 0.025
0 0.22890625 0.38203125 0.0390625 0.03125
0 0.19375 0.35 0.0296875 0.028125
0 0.209375 0.3671875 0.021875 0.015625
0 0.215625 0.39375 0.0328125 0.021875
0 0.25078125 0.3359375 0.0328125 0.0421875
0 0.2765625 0.33984375 0.0265625 0.025
0 0.24765625 0.40078125 0.0359375 0.01875
0 0.23515625 0.41328125 0.0234375 0.0171875
0 0.2125 0.42421875 0.0265625 0.028125
0 0.2671875 0.41953125 0.0390625 0.01875
0 0.18125 0.40703125 0.046875 0.0359375
0 0.18984375 0.4375 0.0515625 0.0296875