0 0.41328125 0.15234375 0.0921875 0.0921875
0 0.3921875 0.23359375 0.0953125 0.1046875
0 0.31796875 0.25703125 0.084375 0.0953125
0 0.35546875 0.2765625 0.0875 0.10625
0 0.33515625 0.31875 0.0765625 0.0875
0 0.30390625 0.36328125 0.05 0.0484375
0 0.3140625 0.41171875 0.06875 0.0609375
0 0.31875 0.49375 0.10625 0.0859375
0 0.3625 0.52265625 0.0984375 0.1046875
0 0.36796875 0.55703125 0.084375 0.059375
0 0.353125 0.4328125 0.10625 0.0859375
0 0.421875 0.42421875 0.115625 0.0703125
0 0.4890625 0.43828125 0.1296875 0.090625
0 0.60234375 0.2109375 0.090625 0.0828125
0 0.52109375 0.24921875 0.1140625 0.090625
0 0.5140625 0.21875 0.078125 0.0515625
0 0.440625 0.31484375 0.134375 0.13125
0 0.38203125 0.35 0.1171875 0.1171875
0 0.5625 0.3296875 0.0875 0.1
0 0.64140625 0.3234375 0.1 0.0765625
0 0.74453125 0.325 0.1609375 0.0859375
0 0.70234375 0.41875 0.090625 0.1015625
0 0.64375 0.41640625 0.084375 0.075
0 0.578125 0.403125 0.090625 0.0765625
0 0.528125 0.375 0.08125 0.0578125
0 0.68125 0.23984375 0.1046875 0.0890625
0 0.621875 0.27265625 0.0796875 0.08125
0 0.45859375 0.3796875 0.0921875 0.05625
0 0.50078125 0.32890625 0.1078125 0.0828125
0 0.4015625 0.4671875 0.0765625 0.059375
0 0.77890625 0.43984375 0.0671875 0.05625
0 0.8171875 0.4984375 0.0671875 0.0671875
0 0.6796875 0.5640625 0.1234375 0.109375
0 0.73828125 0.5703125 0.0984375 0.0734375
0 0.76875 0.53203125 0.053125 0.0421875
0 0.7515625 0.4859375 0.075 0.1
0 0.67734375 0.51171875 0.0484375 0.0328125
0 0.6671875 0.47421875 0.0796875 0.078125
0 0.60390625 0.48359375 0.0921875 0.1078125
0 0.51484375 0.4875 0.128125 0.1078125
0 0.53515625 0.54921875 0.084375 0.0640625
0 0.45234375 0.590625 0.125 0.115625
0 0.4484375 0.490625 0.0703125 0.053125
0 0.440625 0.55234375 0.071875 0.0640625
0 0.39609375 0.6 0.1 0.1234375
0 0.36875 0.58671875 0.0359375 0.0234375
0 0.38671875 0.68671875 0.1234375 0.0859375
0 0.61015625 0.5453125 0.0859375 0.0734375
0 0.58046875 0.5921875 0.0765625 0.065625
0 0.52265625 0.59609375 0.0703125 0.0609375
0 0.53125 0.65234375 0.09375 0.0921875
0 0.63125 0.6 0.06875 0.0671875
0 0.728125 0.60859375 0.0609375 0.0578125
0 0.703125 0.61875 0.0890625 0.0703125
0 0.6953125 0.65 0.128125 0.096875
0 0.61015625 0.65703125 0.08125 0.0640625
0 0.4671875 0.70390625 0.0953125 0.0734375
0 0.4125 0.7296875 0.0703125 0.0546875
0 0.3875 0.73984375 0.09375 0.0640625
0 0.725 0.69140625 0.0625 0.0421875
0 0.67578125 0.72890625 0.14375 0.14375
0 0.6234375 0.77578125 0.1109375 0.128125
0 0.68203125 0.81640625 0.0546875 0.05625
0 0.53203125 0.8078125 0.1109375 0.1328125
0 0.565625 0.71015625 0.084375 0.0796875
0 0.44375 0.77578125 0.165625 0.1109375
0 0.4703125 0.84140625 0.10625 0.121875
0 0.4890625 0.88671875 0.071875 0.0640625
0 0.42109375 0.840625 0.04375 0.04375
0 0.46953125 0.915625 0.096875 0.0671875
0 0.5703125 0.8640625 0.15 0.13125
0 0.728125 0.89453125 0.053125 0.09375
0 0.6734375 0.88203125 0.1203125 0.134375
0 0.665625 0.94609375 0.071875 0.0765625
0 0.6125 0.92109375 0.1 0.1203125
0 0.53203125 0.94453125 0.096875 0.090625
0 0.4921875 0.94140625 0.0765625 0.06875
0 0.584375 0.96640625 0.084375 0.0625
0 0.46015625 0.646875 0.1125 0.0890625