0 0.51640625 0.23671875 0.0265625 0.0125
0 0.5296875 0.25078125 0.028125 0.0234375
0 0.55859375 0.278125 0.0375 0.0359375
0 0.54375 0.25703125 0.034375 0.0265625
0 0.5078125 0.25390625 0.03125 0.028125
0 0.47578125 0.25390625 0.034375 0.0234375
0 0.4296875 0.26796875 0.0265625 0.0171875
0 0.42890625 0.28515625 0.01875 0.0203125
0 0.5890625 0.2390625 0.0734375 0.05625
0 0.63515625 0.26015625 0.0578125 0.05625
0 0.69453125 0.221875 0.03125 0.040625
0 0.68046875 0.22890625 0.0453125 0.053125
0 0.6625 0.2890625 0.06875 0.0453125
0 0.496875 0.29296875 0.0765625 0.0625
0 0.4671875 0.275 0.0140625 0.0125
0 0.38984375 0.32578125 0.053125 0.0453125
0 0.44296875 0.32578125 0.0953125 0.0765625
0 0.51328125 0.34921875 0.103125 0.0828125
0 0.54921875 0.3375 0.053125 0.0671875
0 0.60234375 0.33359375 0.0984375 0.08125
0 0.65703125 0.309375 0.0703125 0.0578125
0 0.16953125 0.46328125 0.053125 0.046875
0 0.3296875 0.3359375 0.0859375 0.0671875
0 0.3140625 0.36640625 0.0578125 0.0453125
0 0.29375 0.4171875 0.096875 0.078125
0 0.19375 0.47421875 0.06875 0.05625
0 0.38125 0.3640625 0.1 0.059375
0 0.38125 0.41484375 0.1234375 0.0921875
0 0.490625 0.409375 0.1140625 0.090625
0 0.56640625 0.3765625 0.0671875 0.0359375
0 0.68671875 0.33359375 0.0296875 0.0484375
0 0.778125 0.4015625 0.0734375 0.0546875
0 0.73671875 0.3625 0.075 0.0640625
0 0.8140625 0.3875 0.0734375 0.0546875
0 0.70625 0.4203125 0.075 0.0609375
0 0.76328125 0.42734375 0.0703125 0.059375
0 0.809375 0.42109375 0.034375 0.025
0 0.80703125 0.4421875 0.046875 0.028125
0 0.825 0.440625 0.034375 0.034375
0 0.80390625 0.47421875 0.0859375 0.0671875
0 0.82421875 0.48046875 0.0625 0.059375
0 0.73125 0.49140625 0.08125 0.065625
0 0.6984375 0.46640625 0.0609375 0.05
0 0.65078125 0.4828125 0.0515625 0.0484375
0 0.6734375 0.52421875 0.0546875 0.05625
0 0.66328125 0.39140625 0.1140625 0.0859375
0 0.59296875 0.43046875 0.096875 0.08125
0 0.63359375 0.4578125 0.0625 0.0671875
0 0.2546875 0.48203125 0.1015625 0.0828125
0 0.3453125 0.48125 0.109375 0.0828125
0 0.29765625 0.54140625 0.1078125 0.084375
0 0.353125 0.5234375 0.0171875 0.0203125
0 0.39609375 0.49609375 0.096875 0.0890625
0 0.45625 0.48046875 0.1125 0.090625
0 0.5578125 0.45703125 0.115625 0.090625
0 0.59140625 0.4984375 0.084375 0.0625
0 0.1671875 0.51953125 0.0703125 0.0546875
0 0.23046875 0.5328125 0.0765625 0.0609375
0 0.34140625 0.54921875 0.040625 0.0546875
0 0.40078125 0.54375 0.090625 0.0625
0 0.49765625 0.52421875 0.11875 0.096875
0 0.45078125 0.55234375 0.0390625 0.034375
0 0.6140625 0.53125 0.1015625 0.078125
0 0.5515625 0.53671875 0.021875 0.025
0 0.56015625 0.5515625 0.0390625 0.0390625
0 0.52421875 0.58203125 0.09375 0.0703125
0 0.45703125 0.58203125 0.053125 0.0453125
0 0.3953125 0.58046875 0.0875 0.0609375
0 0.17109375 0.5515625 0.0515625 0.0328125
0 0.25546875 0.57734375 0.0578125 0.046875
0 0.1984375 0.58359375 0.065625 0.0640625
0 0.23984375 0.60390625 0.06875 0.0359375
0 0.30703125 0.61015625 0.0703125 0.0546875
0 0.3578125 0.5953125 0.04375 0.034375
0 0.35078125 0.64140625 0.0890625 0.075
0 0.26484375 0.6265625 0.065625 0.0609375
0 0.21328125 0.6421875 0.0578125 0.0515625
0 0.203125 0.665625 0.0328125 0.0171875
0 0.34140625 0.6796875 0.0375 0.0328125
0 0.36171875 0.68828125 0.009375 0.0140625
0 0.3984375 0.65703125 0.1046875 0.0859375
0 0.4890625 0.64296875 0.1015625 0.0859375
0 0.546875 0.63359375 0.0625 0.065625
0 0.4734375 0.68515625 0.084375 0.0546875
0 0.39375 0.7203125 0.090625 0.06875
0 0.39296875 0.7578125 0.0875 0.0578125
0 0.46484375 0.73671875 0.0859375 0.06875
0 0.48359375 0.75859375 0.08125 0.06875
0 0.43046875 0.8046875 0.096875 0.0828125
0 0.5046875 0.69765625 0.046875 0.0375
0 0.53046875 0.67734375 0.034375 0.0296875
0 0.41484375 0.6125 0.0671875 0.04375
0 0.56796875 0.5890625 0.04375 0.053125
0 0.6140625 0.58671875 0.078125 0.059375
0 0.6390625 0.59921875 0.0421875 0.0359375
0 0.684375 0.5609375 0.0453125 0.0359375
0 0.56484375 0.66953125 0.040625 0.0375
0 0.6375 0.7953125 0.0375 0.0359375
0 0.68046875 0.78515625 0.0671875 0.05625
0 0.675 0.7546875 0.01875 0.0171875
0 0.60234375 0.7671875 0.0515625 0.0421875
0 0.58984375 0.728125 0.06875 0.0546875
0 0.6390625 0.75390625 0.0703125 0.059375
0 0.67890625 0.7265625 0.0890625 0.0578125
0 0.59609375 0.684375 0.075 0.0625
0 0.66640625 0.68671875 0.078125 0.0625
0 0.5921875 0.63125 0.0671875 0.0546875
0 0.61171875 0.6421875 0.0625 0.053125
0 0.66796875 0.64140625 0.078125 0.0640625
0 0.7078125 0.625 0.053125 0.0390625
0 0.696875 0.59453125 0.053125 0.040625
0 0.746875 0.58671875 0.0546875 0.0453125
0 0.73984375 0.5390625 0.03125 0.040625
0 0.815625 0.6015625 0.0875 0.0671875
0 0.8640625 0.596875 0.0390625 0.03125
0 0.7890625 0.54609375 0.0859375 0.0703125
0 0.86640625 0.52578125 0.08125 0.05
0 0.8734375 0.56015625 0.0828125 0.0609375
0 0.8140625 0.51953125 0.03125 0.0265625
0 0.59140625 0.27890625 0.0609375 0.0484375
0 0.015625 0.55859375 0.028125 0.0359375
0 0.02890625 0.571875 0.046875 0.0203125
0 0.0609375 0.57421875 0.034375 0.009375
0 0.05546875 0.5515625 0.0515625 0.0390625
0 0.06484375 0.53203125 0.06875 0.0359375
0 0.09140625 0.53671875 0.0171875 0.0171875
0 0.11171875 0.534375 0.0375 0.028125
0 0.10078125 0.56015625 0.046875 0.028125
0 0.13515625 0.546875 0.0265625 0.0328125
0 0.04921875 0.41875 0.03125 0.0234375
0 0.1265625 0.434375 0.01875 0.0109375
0 0.153125 0.4359375 0.0203125 0.0125
0 0.1015625 0.5046875 0.015625 0.0125