0 0.65859375 0.5703125 0.1828125 0.1578125
0 0.66171875 0.92578125 0.1296875 0.10625
0 0.39921875 0.79453125 0.190625 0.20625
0 0.38046875 0.51171875 0.165625 0.2
0 0.3875 0.9359375 0.13125 0.1265625
0 0.54765625 0.96015625 0.1390625 0.0796875
0 0.6046875 0.9796875 0.184375 0.040625
0 0.6296875 0.98125 0.071875 0.0375
0 0.50234375 0.78515625 0.1859375 0.1890625
0 0.70546875 0.77109375 0.0984375 0.0953125
0 0.51796875 0.5203125 0.1546875 0.1328125
0 0.24765625 0.48515625 0.1734375 0.18125
0 0.46015625 0.90703125 0.1484375 0.1734375
0 0.58203125 0.8484375 0.1234375 0.103125
0 0.5890625 0.92109375 0.16875 0.153125
0 0.75625 0.55703125 0.1046875 0.103125
0 0.60234375 0.77734375 0.134375 0.103125
0 0.30703125 0.81953125 0.1578125 0.171875
0 0.32578125 0.95234375 0.15625 0.075
0 0.27890625 0.9171875 0.1296875 0.1046875
0 0.3875 0.659375 0.215625 0.146875
0 0.70078125 0.65546875 0.0828125 0.0953125
0 0.48359375 0.5984375 0.1890625 0.1546875
0 0.596875 0.69296875 0.1265625 0.0890625
0 0.4015625 0.37421875 0.1515625 0.13125
0 0.6578125 0.49140625 0.1765625 0.1359375
0 0.403125 0.228125 0.1140625 0.1140625
0 0.496875 0.27578125 0.1296875 0.134375
0 0.26640625 0.63671875 0.1609375 0.15
0 0.29609375 0.72421875 0.1390625 0.11875
0 0.22890625 0.72265625 0.0890625 0.084375
0 0.6125 0.3921875 0.1203125 0.109375
0 0.659375 0.30390625 0.1234375 0.1
0 0.27421875 0.35546875 0.1984375 0.1625
0 0.7875 0.13125 0.0734375 0.0734375
0 0.8859375 0.20546875 0.071875 0.0703125
0 0.9625 0.50078125 0.075 0.0921875
0 0.90234375 0.47890625 0.0984375 0.0671875
0 0.77109375 0.27421875 0.0734375 0.06875
0 0.834375 0.29296875 0.075 0.0609375
0 0.8046875 0.334375 0.115625 0.0859375
0 0.75703125 0.20390625 0.0875 0.10625
0 0.8109375 0.22265625 0.0796875 0.090625
0 0.8609375 0.28828125 0.09375 0.071875
0 0.86171875 0.33984375 0.0828125 0.071875
0 0.8515625 0.40234375 0.096875 0.0890625
0 0.871875 0.3828125 0.0421875 0.0375
0 0.759375 0.49453125 0.0703125 0.065625
0 0.76484375 0.4453125 0.075 0.065625
0 0.79453125 0.3875 0.08125 0.0734375
0 0.7359375 0.309375 0.065625 0.078125
0 0.696875 0.21328125 0.09375 0.09375
0 0.66796875 0.16484375 0.1015625 0.0890625
0 0.72421875 0.1484375 0.078125 0.059375
0 0.2265625 0.7890625 0.0984375 0.1015625
0 0.3625 0.88359375 0.0859375 0.075
0 0.29140625 0.56796875 0.09375 0.084375
0 0.33515625 0.42109375 0.1 0.08125
0 0.584375 0.609375 0.1296875 0.1265625
0 0.64765625 0.6390625 0.06875 0.053125
0 0.653125 0.78359375 0.0796875 0.078125
0 0.64765625 0.39296875 0.1015625 0.1140625
0 0.41171875 0.28515625 0.109375 0.1140625
0 0.30078125 0.29765625 0.1078125 0.0984375
0 0.35078125 0.23671875 0.0953125 0.096875
0 0.375 0.1921875 0.046875 0.04375
0 0.6265625 0.23203125 0.075 0.0765625
0 0.715625 0.41640625 0.075 0.059375
0 0.7125 0.35078125 0.05625 0.0671875
0 0.1578125 0.696875 0.0359375 0.0359375
0 0.08203125 0.60390625 0.040625 0.04375
0 0.15625 0.56640625 0.0421875 0.0421875
0 0.0265625 0.38125 0.0328125 0.0421875
0 0.03046875 0.48046875 0.0609375 0.0515625
0 0.1109375 0.43828125 0.05 0.0453125
0 0.0734375 0.3828125 0.053125 0.04375
0 0.06484375 0.225 0.021875 0.04375
0 0.0671875 0.271875 0.0484375 0.040625
0 0.0765625 0.35234375 0.053125 0.04375
0 0.07578125 0.41640625 0.065625 0.053125