0 0.5984375 0.76484375 0.0859375 0.075
0 0.67890625 0.71171875 0.09375 0.08125
0 0.6671875 0.74453125 0.09375 0.08125
0 0.66015625 0.64921875 0.1 0.0890625
0 0.58828125 0.684375 0.0984375 0.084375
0 0.59765625 0.715625 0.0890625 0.0609375
0 0.68359375 0.59921875 0.090625 0.071875
0 0.540625 0.65546875 0.046875 0.034375
0 0.5796875 0.61796875 0.1171875 0.1
0 0.8 0.53359375 0.075 0.06875
0 0.73359375 0.54765625 0.1046875 0.0828125
0 0.6828125 0.54140625 0.0515625 0.046875
0 0.64453125 0.59765625 0.0515625 0.0484375
0 0.62578125 0.58828125 0.0375 0.028125
0 0.50234375 0.6390625 0.0796875 0.06875
0 0.784375 0.48203125 0.090625 0.084375
0 0.715625 0.49921875 0.0984375 0.08125
0 0.6359375 0.30625 0.103125 0.0921875
0 0.56015625 0.3640625 0.1078125 0.084375
0 0.540625 0.28828125 0.1078125 0.090625
0 0.46484375 0.33359375 0.11875 0.0921875
0 0.44765625 0.309375 0.096875 0.0625
0 0.321875 0.28828125 0.109375 0.0890625
0 0.3671875 0.3921875 0.1265625 0.1046875
0 0.40234375 0.45625 0.1140625 0.09375
0 0.4671875 0.403125 0.121875 0.1
0 0.571875 0.45625 0.1203125 0.1015625
0 0.75625 0.421875 0.10625 0.078125
0 0.6921875 0.3765625 0.0875 0.071875
0 0.6734375 0.3359375 0.0765625 0.05
0 0.6359375 0.37890625 0.08125 0.075
0 0.60859375 0.40859375 0.075 0.0703125
0 0.54921875 0.4203125 0.0875 0.0578125
0 0.44921875 0.51640625 0.134375 0.1125
0 0.48984375 0.4796875 0.090625 0.090625
0 0.31953125 0.490625 0.115625 0.1015625
0 0.2921875 0.4296875 0.0984375 0.078125
0 0.1046875 0.475 0.140625 0.115625
0 0.18828125 0.5265625 0.109375 0.0890625
0 0.184375 0.41640625 0.134375 0.1046875
0 0.153125 0.35078125 0.109375 0.0875
0 0.02421875 0.359375 0.0484375 0.1
0 0.0453125 0.4296875 0.090625 0.1
0 0.0359375 0.51328125 0.071875 0.0796875
0 0.07109375 0.6171875 0.1265625 0.1046875
0 0.15234375 0.66171875 0.109375 0.09375
0 0.08515625 0.54765625 0.115625 0.0921875
0 0.390625 0.6296875 0.10625 0.0921875
0 0.3203125 0.6703125 0.0890625 0.078125
0 0.221875 0.75703125 0.1140625 0.096875
0 0.14453125 0.721875 0.1140625 0.078125
0 0.07578125 0.68125 0.1015625 0.08125
0 0.02890625 0.59765625 0.05625 0.084375
0 0.153125 0.5859375 0.1 0.0875
0 0.2359375 0.5734375 0.0953125 0.08125
0 0.20234375 0.634375 0.090625 0.08125
0 0.21328125 0.68046875 0.05625 0.0484375
0 0.434375 0.65625 0.0859375 0.08125
0 0.38359375 0.55625 0.109375 0.103125
0 0.59140625 0.54921875 0.1265625 0.1
0 0.51328125 0.6 0.0984375 0.0921875
0 0.51796875 0.54921875 0.096875 0.06875
0 0.2640625 0.50625 0.078125 0.08125
0 0.62578125 0.4703125 0.1171875 0.0890625
0 0.671875 0.440625 0.0859375 0.08125
0 0.3171875 0.5890625 0.075 0.0890625
0 0.27734375 0.6078125 0.05 0.065625
0 0.6390625 0.5390625 0.0984375 0.0953125
0 0.4484375 0.58671875 0.0765625 0.0625
0 0.30703125 0.54296875 0.053125 0.0328125
0 0.16484375 0.28203125 0.115625 0.096875
0 0.2484375 0.27265625 0.0875 0.0609375
0 0.253125 0.21015625 0.1078125 0.096875
0 0.175 0.1671875 0.1 0.090625
0 0.08984375 0.15390625 0.1125 0.10625
0 0.06953125 0.26171875 0.1203125 0.0828125
0 0.2453125 0.33359375 0.09375 0.0796875
0 0.36796875 0.32578125 0.0890625 0.0671875
0 0.2484375 0.390625 0.065625 0.0640625
0 0.3140625 0.3625 0.0984375 0.08125
0 0.584375 0.33046875 0.059375 0.05625
0 0.53203125 0.32890625 0.0453125 0.0375
0 0.19921875 0.46328125 0.071875 0.0421875
0 0.078125 0.33046875 0.1265625 0.1046875