0 0.471875 0.98515625 0.10625 0.0296875
0 0.590625 0.93828125 0.1203125 0.121875
0 0.67890625 0.9515625 0.0609375 0.028125
0 0.52734375 0.896875 0.1125 0.1140625
0 0.54375 0.97578125 0.0453125 0.0375
0 0.47421875 0.95 0.1015625 0.1
0 0.42109375 0.93203125 0.04375 0.040625
0 0.6828125 0.86796875 0.1125 0.1765625
0 0.47109375 0.8421875 0.121875 0.121875
0 0.41875 0.8703125 0.071875 0.0859375
0 0.34921875 0.80546875 0.11875 0.0859375
0 0.7203125 0.7875 0.128125 0.075
0 0.76015625 0.72890625 0.1671875 0.1953125
0 0.64375 0.7140625 0.1265625 0.1171875
0 0.590625 0.83515625 0.128125 0.1125
0 0.50234375 0.6578125 0.153125 0.190625
0 0.28203125 0.7234375 0.15625 0.1328125
0 0.37890625 0.7328125 0.1375 0.1703125
0 0.37734375 0.62890625 0.1140625 0.0765625
0 0.11875 0.93203125 0.003125 0.0015625
0 0.56328125 0.77109375 0.128125 0.1
0 0.484375 0.759375 0.075 0.0953125
0 0.78359375 0.67109375 0.0578125 0.053125
0 0.8140625 0.6203125 0.15625 0.109375
0 0.7171875 0.60234375 0.065625 0.0796875
0 0.85859375 0.58828125 0.125 0.078125
0 0.646875 0.61328125 0.14375 0.1171875
0 0.57109375 0.47890625 0.04375 0.0265625
0 0.30546875 0.6484375 0.0703125 0.05
0 0.74453125 0.55234375 0.1109375 0.103125
0 0.24375 0.61875 0.165625 0.13125
0 0.26796875 0.540625 0.096875 0.059375
0 0.23984375 0.50703125 0.0421875 0.0453125
0 0.35 0.48203125 0.2140625 0.1046875
0 0.53671875 0.5375 0.1453125 0.1390625
0 0.378125 0.55 0.2078125 0.1265625
0 0.859375 0.3609375 0.128125 0.0578125
0 0.87578125 0.40625 0.1234375 0.078125
0 0.8921875 0.47109375 0.096875 0.0765625
0 0.80625 0.4578125 0.090625 0.09375
0 0.8390625 0.5390625 0.0875 0.0828125
0 0.75703125 0.48046875 0.1578125 0.1296875
0 0.65 0.5 0.1203125 0.1375
0 0.72265625 0.3984375 0.0921875 0.053125
0 0.11015625 0.21484375 0.0328125 0.075
0 0.16875 0.2140625 0.0984375 0.0828125
0 0.30546875 0.1828125 0.175 0.1
0 0.3671875 0.11953125 0.0703125 0.059375
0 0.35546875 0.04765625 0.153125 0.090625
0 0.27265625 0.09140625 0.1609375 0.1234375
0 0.26640625 0.025 0.1234375 0.0390625
0 0.10703125 0.07421875 0.1703125 0.128125
0 0.06328125 0.1546875 0.1265625 0.09375
0 0.16484375 0.146875 0.121875 0.090625
0 0.6578125 0.24765625 0.0625 0.0640625
0 0.68671875 0.296875 0.0515625 0.05
0 0.84453125 0.11328125 0.065625 0.0703125
0 0.61328125 0.1734375 0.05625 0.0640625
0 0.71953125 0.184375 0.0640625 0.040625
0 0.9125 0.26328125 0.053125 0.0421875
0 0.94140625 0.31875 0.04375 0.0390625
0 0.68203125 0.071875 0.05 0.0421875
0 0.61640625 0.02109375 0.0609375 0.0421875
0 0.5609375 0.01875 0.0625 0.0375
0 0.88203125 0.059375 0.0390625 0.034375
0 0.85234375 0.309375 0.053125 0.034375
0 0.98203125 0.25390625 0.0203125 0.034375
0 0.6484375 0.1984375 0.053125 0.05
0 0.95 0.034375 0.0703125 0.034375
0 0.715625 0.25546875 0.05625 0.0390625
0 0.75234375 0.1140625 0.04375 0.059375
0 0.82109375 0.2609375 0.046875 0.040625
0 0.89140625 0.21328125 0.0546875 0.04375
0 0.953125 0.23203125 0.0625 0.046875