0 0.6703125 0.3828125 0.10625 0.096875
0 0.54453125 0.390625 0.0734375 0.0796875
0 0.615625 0.4140625 0.0875 0.1171875
0 0.40625 0.434375 0.125 0.1015625
0 0.19453125 0.42578125 0.1609375 0.0734375
0 0.70078125 0.45 0.0890625 0.059375
0 0.58359375 0.47265625 0.125 0.1421875
0 0.471875 0.471875 0.078125 0.0734375
0 0.42421875 0.52109375 0.0875 0.0609375
0 0.359375 0.490625 0.1515625 0.0984375
0 0.14765625 0.52421875 0.084375 0.0671875
0 0.303125 0.47109375 0.0515625 0.046875
0 0.32890625 0.46328125 0.0484375 0.0375
0 0.3359375 0.44296875 0.034375 0.0234375
0 0.5234375 0.48125 0.0703125 0.0984375
0 0.66875 0.540625 0.0890625 0.0765625
0 0.77265625 0.565625 0.125 0.0828125
0 0.775 0.53515625 0.06875 0.0421875
0 0.70546875 0.50078125 0.1328125 0.065625
0 0.71484375 0.60703125 0.1125 0.096875
0 0.64453125 0.640625 0.08125 0.109375
0 0.51875 0.5625 0.1125 0.125
0 0.63125 0.57109375 0.0703125 0.0625
0 0.5859375 0.565625 0.071875 0.0953125
0 0.5734375 0.62265625 0.0671875 0.05
0 0.58828125 0.6453125 0.04375 0.0234375
0 0.5359375 0.65390625 0.0640625 0.0625
0 0.5890625 0.68359375 0.0875 0.05625
0 0.5375 0.70703125 0.0734375 0.053125
0 0.5046875 0.75625 0.1046875 0.11875
0 0.46953125 0.80234375 0.0796875 0.1171875
0 0.39765625 0.7796875 0.103125 0.121875
0 0.37734375 0.71953125 0.10625 0.0796875
0 0.34375 0.63671875 0.0890625 0.0625
0 0.35859375 0.56484375 0.1 0.11875
0 0.4953125 0.6265625 0.0671875 0.071875
0 0.290625 0.5140625 0.05625 0.0390625
0 0.4703125 0.66953125 0.0578125 0.0421875
0 0.50390625 0.6734375 0.034375 0.0265625
0 0.45 0.68984375 0.040625 0.0296875
0 0.2390625 0.5546875 0.1265625 0.11875
0 0.21328125 0.4734375 0.103125 0.05625
0 0.17421875 0.58984375 0.096875 0.0859375
0 0.2609375 0.615625 0.0859375 0.059375
0 0.18671875 0.6359375 0.1125 0.05625
0 0.20078125 0.66953125 0.0671875 0.0296875
0 0.21484375 0.68671875 0.053125 0.0328125
0 0.15078125 0.7015625 0.084375 0.0953125
0 0.2 0.72109375 0.05625 0.0734375
0 0.1609375 0.7546875 0.084375 0.078125
0 0.0671875 0.72734375 0.09375 0.11875
0 0.096875 0.665625 0.1046875 0.078125
0 0.4265625 0.61328125 0.1046875 0.1421875
0 0.14609375 0.79453125 0.0625 0.040625
0 0.08828125 0.76953125 0.084375 0.0734375
0 0.05859375 0.8109375 0.078125 0.0625
0 0.025 0.76328125 0.05 0.0828125
0 0.0140625 0.80390625 0.028125 0.0171875
0 0.03828125 0.48125 0.0765625 0.140625
0 0.065625 0.43125 0.0671875 0.05625
0 0.0875 0.49375 0.05 0.075
0 0.14296875 0.4640625 0.0953125 0.078125
0 0.02578125 0.6 0.0515625 0.121875
0 0.07578125 0.565625 0.125 0.1
0 0.025 0.6578125 0.05 0.046875
0 0.0921875 0.61640625 0.09375 0.0640625
0 0.0046875 0.72734375 0.009375 0.1015625
0 0.02421875 0.70390625 0.0375 0.053125