0 0.41875 0.76796875 0.11875 0.15625
0 0.5 0.75625 0.1234375 0.1515625
0 0.5671875 0.76328125 0.071875 0.096875
0 0.57421875 0.690625 0.109375 0.0921875
0 0.45390625 0.62734375 0.1390625 0.1359375
0 0.3703125 0.73125 0.025 0.0140625
0 0.4 0.7265625 0.0484375 0.0453125
0 0.36953125 0.6890625 0.1109375 0.09375
0 0.29921875 0.67890625 0.05 0.040625
0 0.3453125 0.6171875 0.18125 0.121875
0 0.28203125 0.61328125 0.08125 0.0875
0 0.29140625 0.5578125 0.028125 0.0359375
0 0.2703125 0.5171875 0.034375 0.03125
0 0.459375 0.56171875 0.06875 0.0375
0 0.5671875 0.61015625 0.1328125 0.153125
0 0.6796875 0.69453125 0.128125 0.103125
0 0.69375 0.63046875 0.171875 0.1421875
0 0.7703125 0.63046875 0.0234375 0.05
0 0.6234375 0.52265625 0.0984375 0.1
0 0.71328125 0.55234375 0.128125 0.1484375
0 0.77421875 0.55234375 0.0390625 0.034375
0 0.7734375 0.49296875 0.121875 0.121875
0 0.721875 0.4296875 0.1203125 0.0953125
0 0.51171875 0.50703125 0.1171875 0.0921875
0 0.6015625 0.4953125 0.084375 0.059375
0 0.6671875 0.43984375 0.15 0.1234375
0 0.4140625 0.5015625 0.1390625 0.121875
0 0.33125 0.51640625 0.11875 0.1265625
0 0.25 0.45703125 0.159375 0.171875
0 0.32734375 0.43046875 0.0828125 0.0875
0 0.42421875 0.41484375 0.1625 0.1453125
0 0.53046875 0.41796875 0.171875 0.1515625
0 0.5625 0.36875 0.1171875 0.0453125
0 0.33671875 0.378125 0.05 0.034375
0 0.10234375 0.44765625 0.0453125 0.01875
0 0.09765625 0.4203125 0.06875 0.0625
0 0.1515625 0.390625 0.0734375 0.1
0 0.05625 0.38359375 0.06875 0.071875
0 0.11484375 0.3328125 0.0625 0.0609375
0 0.065625 0.3203125 0.0875 0.08125
0 0.17578125 0.31796875 0.0875 0.0734375
0 0.17109375 0.35390625 0.04375 0.0328125
0 0.0046875 0.36796875 0.009375 0.0265625
0 0.025 0.35859375 0.028125 0.0234375
0 0.01953125 0.38203125 0.0234375 0.03125
0 0.0109375 0.24609375 0.021875 0.0765625
0 0.0453125 0.0625 0.0609375 0.053125
0 0.00546875 0.053125 0.0109375 0.025
0 0.00546875 0.06640625 0.0109375 0.0515625
0 0.04765625 0.121875 0.0953125 0.0875
0 0.0890625 0.13359375 0.06875 0.06875
0 0.08359375 0.1765625 0.0671875 0.0640625
0 0.04375 0.17421875 0.0328125 0.0390625
0 0.03515625 0.2140625 0.0703125 0.071875
0 0.05078125 0.26875 0.0609375 0.05625
0 0.10546875 0.24921875 0.0921875 0.10625
0 0.22734375 0.24375 0.1046875 0.090625
0 0.15390625 0.2296875 0.053125 0.0484375
0 0.14140625 0.19375 0.071875 0.05625
0 0.14375 0.109375 0.0671875 0.05625
0 0.11640625 0.059375 0.0890625 0.0625
0 0.2078125 0.05 0.0625 0.0578125
0 0.26171875 0.06484375 0.0765625 0.0984375
0 0.18828125 0.065625 0.0734375 0.0859375
0 0.18984375 0.16875 0.1265625 0.0921875
0 0.28359375 0.14296875 0.0609375 0.0578125
0 0.225 0.12578125 0.0921875 0.078125
0 0.26953125 0.178125 0.0796875 0.0625
0 0.2703125 0.221875 0.053125 0.0453125
0 0.33515625 0.2828125 0.0578125 0.0671875
0 0.3484375 0.328125 0.0609375 0.06875
0 0.3140625 0.3328125 0.040625 0.0421875
0 0.30546875 0.30546875 0.065625 0.065625
0 0.29140625 0.2859375 0.0625 0.0734375
0 0.39609375 0.3046875 0.075 0.0609375
0 0.35859375 0.20390625 0.06875 0.0703125
0 0.37421875 0.25546875 0.065625 0.071875
0 0.3171875 0.228125 0.0640625 0.0890625
0 0.43046875 0.24453125 0.084375 0.0609375
0 0.4078125 0.19921875 0.053125 0.0484375
0 0.31796875 0.15546875 0.0671875 0.075
0 0.3765625 0.15625 0.071875 0.0578125
0 0.27890625 0.34765625 0.0390625 0.0296875
0 0.30234375 0.35859375 0.028125 0.028125
0 0.546875 0.26171875 0.0265625 0.03125
0 0.55 0.28984375 0.025 0.021875
0 0.5140625 0.26015625 0.025 0.021875
0 0.48203125 0.2453125 0.025 0.025
0 0.51171875 0.296875 0.025 0.015625
0 0.4921875 0.30625 0.0328125 0.025
0 0.52421875 0.3078125 0.025 0.0203125
0 0.546875 0.3109375 0.03125 0.0265625
0 0.57265625 0.28515625 0.0234375 0.021875
0 0.5625 0.29921875 0.0171875 0.0140625
0 0.55859375 0.3203125 0.0265625 0.0171875
0 0.528125 0.2765625 0.0265625 0.034375
0 0.50859375 0.28046875 0.0203125 0.0203125
0 0.53359375 0.3265625 0.028125 0.015625
0 0.54453125 0.3359375 0.01875 0.0140625
0 0.56171875 0.34296875 0.021875 0.0234375
0 0.51875 0.3421875 0.03125 0.015625
0 0.58515625 0.32890625 0.0375 0.0296875
0 0.58046875 0.353125 0.0421875 0.025