0 0.39921875 0.00390625 0.0203125 0.0078125
0 0.4453125 0.0046875 0.021875 0.009375
0 0.46875 0.00625 0.025 0.0125
0 0.465625 0.0203125 0.025 0.0234375
0 0.45625 0.0125 0.0125 0.0171875
0 0.37890625 0.01640625 0.0390625 0.0328125
0 0.41640625 0.02890625 0.0578125 0.0578125
0 0.35625 0.0484375 0.0578125 0.0515625
0 0.43984375 0.059375 0.0453125 0.05
0 0.4671875 0.0703125 0.0546875 0.0515625
0 0.4421875 0.09453125 0.0625 0.040625
0 0.38984375 0.08515625 0.0453125 0.0359375
0 0.4234375 0.16015625 0.0234375 0.0203125
0 0.409375 0.159375 0.025 0.021875
0 0.40078125 0.1609375 0.01875 0.025
0 0.36953125 0.165625 0.06875 0.0546875
0 0.3109375 0.14921875 0.0265625 0.0234375
0 0.278125 0.13515625 0.0484375 0.0421875
0 0.26953125 0.11796875 0.0375 0.040625
0 0.39140625 0.059375 0.03125 0.028125
0 0.225 0.12734375 0.0390625 0.0421875
0 0.2484375 0.13125 0.053125 0.0515625
0 0.21640625 0.16015625 0.0265625 0.0296875
0 0.2953125 0.171875 0.0546875 0.0421875
0 0.29765625 0.20546875 0.05 0.0421875
0 0.24140625 0.16796875 0.0484375 0.0390625
0 0.2578125 0.1921875 0.0484375 0.0375
0 0.22890625 0.2078125 0.025 0.0296875
0 0.25625 0.21875 0.0515625 0.0453125
0 0.2828125 0.2390625 0.0515625 0.04375
0 0.25546875 0.26953125 0.0515625 0.0421875
0 0.90703125 0.18125 0.0578125 0.0578125
0 0.87265625 0.1796875 0.06875 0.0625
0 0.80546875 0.2046875 0.078125 0.06875
0 0.8359375 0.20625 0.05 0.0390625
0 0.87109375 0.2265625 0.071875 0.0625
0 0.8171875 0.2578125 0.075 0.0671875
0 0.98203125 0.2890625 0.0359375 0.053125
0 0.5171875 0.08671875 0.01875 0.0171875
0 0.9859375 0.3421875 0.028125 0.05
0 0.8515625 0.33046875 0.078125 0.0609375
0 0.82578125 0.33046875 0.046875 0.05
0 0.978125 0.38828125 0.04375 0.0703125
0 0.94765625 0.3890625 0.0640625 0.04375
0 0.859375 0.4046875 0.0765625 0.0625
0 0.8421875 0.3859375 0.078125 0.065625
0 0.8921875 0.37421875 0.05625 0.05
0 0.79765625 0.38828125 0.059375 0.0546875
0 0.7390625 0.38515625 0.0921875 0.0828125
0 0.69375 0.4359375 0.1171875 0.0953125
0 0.84453125 0.4828125 0.09375 0.0734375
0 0.93046875 0.50078125 0.10625 0.0828125
0 0.93125 0.43046875 0.0984375 0.0765625
0 0.875 0.4515625 0.0890625 0.0609375
0 0.81953125 0.43359375 0.0546875 0.05
0 0.76484375 0.45 0.0578125 0.053125
0 0.80625 0.4828125 0.0671875 0.0640625
0 0.7046875 0.48828125 0.1015625 0.0796875
0 0.7640625 0.51796875 0.0890625 0.071875
0 0.81953125 0.56328125 0.096875 0.078125
0 0.7515625 0.56875 0.0734375 0.059375
0 0.9 0.596875 0.0859375 0.06875
0 0.87109375 0.52734375 0.078125 0.0625
0 0.79140625 0.634375 0.0765625 0.0578125
0 0.8484375 0.62890625 0.071875 0.0578125
0 0.784375 0.6046875 0.0640625 0.0421875
0 0.74921875 0.63828125 0.0640625 0.053125
0 0.91015625 0.64765625 0.0671875 0.05
0 0.8578125 0.6609375 0.0765625 0.0484375
0 0.82578125 0.59140625 0.0890625 0.0578125
0 0.99140625 0.5546875 0.0171875 0.05
0 0.97109375 0.609375 0.0421875 0.053125
0 0.96640625 0.65390625 0.034375 0.0453125
0 0.940625 0.67109375 0.0734375 0.05625
0 0.79921875 0.66015625 0.071875 0.0265625
0 0.71640625 0.53359375 0.0453125 0.0375
0 0.9515625 0.55703125 0.075 0.0546875
0 0.9921875 0.503125 0.015625 0.03125
0 0.9828125 0.4859375 0.034375 0.028125
0 0.9421875 0.59140625 0.0546875 0.0359375
0 0.9375 0.62734375 0.0515625 0.0421875
0 0.77109375 0.4140625 0.0578125 0.0453125
0 0.7296875 0.30078125 0.09375 0.08125
0 0.6140625 0.19609375 0.0625 0.046875
0 0.628125 0.22734375 0.09375 0.084375
0 0.521875 0.25234375 0.10625 0.096875
0 0.47421875 0.2734375 0.096875 0.084375
0 0.440625 0.2390625 0.078125 0.0671875
0 0.38203125 0.22890625 0.071875 0.071875
0 0.34453125 0.22578125 0.0265625 0.034375
0 0.55390625 0.22734375 0.0953125 0.0703125
0 0.5953125 0.2859375 0.1 0.078125
0 0.64609375 0.371875 0.078125 0.078125
0 0.57421875 0.3359375 0.1046875 0.078125
0 0.5359375 0.35703125 0.1125 0.0921875
0 0.46328125 0.325 0.0953125 0.0640625
0 0.60859375 0.44921875 0.121875 0.1
0 0.6046875 0.403125 0.078125 0.0484375
0 0.525 0.428125 0.1046875 0.0875
0 0.63515625 0.509375 0.034375 0.0296875
0 0.753125 0.35078125 0.0515625 0.0421875
0 0.3953125 0.28828125 0.0984375 0.0859375
0 0.3609375 0.3046875 0.1 0.0890625
0 0.28125 0.3203125 0.109375 0.0796875
0 0.31328125 0.265625 0.096875 0.0875
0 0.44296875 0.37890625 0.11875 0.0953125
0 0.45 0.459375 0.1078125 0.09375
0 0.384375 0.35859375 0.04375 0.0359375
0 0.340625 0.36328125 0.059375 0.0421875
0 0.290625 0.37890625 0.11875 0.0953125
0 0.23515625 0.3953125 0.0296875 0.034375
0 0.26953125 0.4140625 0.05625 0.0359375
0 0.31953125 0.43125 0.0546875 0.046875
0 0.3703125 0.47265625 0.0265625 0.034375
0 0.30078125 0.46328125 0.046875 0.0390625
0 0.28671875 0.475 0.04375 0.034375
0 0.275 0.4421875 0.05625 0.0453125
0 0.2484375 0.4296875 0.0296875 0.0328125
0 0.32421875 0.490625 0.04375 0.0359375
0 0.35 0.4921875 0.015625 0.0203125
0 0.34609375 0.465625 0.053125 0.04375
0 0.36015625 0.4484375 0.040625 0.028125
0 0.384375 0.41015625 0.1109375 0.09375
0 0.3859375 0.45234375 0.0359375 0.01875
0 0.43125 0.49609375 0.103125 0.06875
0 0.6046875 0.534375 0.0984375 0.0828125
0 0.5453125 0.50078125 0.1109375 0.0921875
0 0.45234375 0.53828125 0.0609375 0.0703125
0 0.50703125 0.5375 0.1046875 0.08125
0 0.4765625 0.59375 0.1046875 0.084375
0 0.54609375 0.62890625 0.09375 0.0796875
0 0.62109375 0.61171875 0.10625 0.084375
0 0.64375 0.5984375 0.065625 0.0515625
0 0.571875 0.575 0.0859375 0.0578125
0 0.6359375 0.66484375 0.0609375 0.059375
0 0.5109375 0.65 0.0875 0.0625
0 0.49921875 0.67421875 0.0921875 0.0625
0 0.61015625 0.77890625 0.0828125 0.0703125
0 0.58046875 0.825 0.065625 0.0546875
0 0.53203125 0.83515625 0.0765625 0.065625
0 0.49765625 0.83046875 0.0453125 0.0515625
0 0.4875 0.69765625 0.065625 0.0390625
0 0.60703125 0.71796875 0.0953125 0.075
0 0.48671875 0.7359375 0.0765625 0.0765625
0 0.53671875 0.7171875 0.0359375 0.021875