0 0.1734375 0.178125 0.0671875 0.0625
0 0.225 0.17421875 0.0578125 0.05
0 0.165625 0.14609375 0.0328125 0.0328125
0 0.1265625 0.15625 0.0671875 0.05
0 0.1078125 0.1140625 0.0453125 0.0328125
0 0.77109375 0.28125 0.053125 0.0453125
0 0.71796875 0.28203125 0.0359375 0.0234375
0 0.7421875 0.2703125 0.0234375 0.0171875
0 0.72890625 0.30625 0.0625 0.046875
0 0.76953125 0.3046875 0.040625 0.025
0 0.18359375 0.4703125 0.0671875 0.0578125
0 0.20859375 0.4875 0.0578125 0.053125
0 0.11875 0.48125 0.0796875 0.06875
0 0.1609375 0.51328125 0.0765625 0.0625
0 0.1890625 0.53125 0.053125 0.0421875
0 0.14296875 0.553125 0.0609375 0.05625
0 0.05859375 0.509375 0.1171875 0.096875
0 0.021875 0.5421875 0.04375 0.096875
0 0.04296875 0.5484375 0.0734375 0.075
0 0.090625 0.578125 0.1140625 0.1
0 0.03046875 0.61015625 0.0484375 0.065625
0 0.1828125 0.59453125 0.1203125 0.09375
0 0.2890625 0.51015625 0.03125 0.0296875
0 0.27109375 0.5140625 0.03125 0.0265625
0 0.28515625 0.52109375 0.015625 0.01875
0 0.3015625 0.534375 0.034375 0.03125
0 0.33359375 0.55390625 0.0265625 0.021875
0 0.1734375 0.5515625 0.0125 0.0171875
0 0.24375 0.52578125 0.034375 0.03125
0 0.21796875 0.534375 0.03125 0.028125
0 0.2734375 0.53515625 0.0375 0.034375
0 0.3234375 0.57109375 0.0390625 0.0328125
0 0.27109375 0.56015625 0.0390625 0.0328125
0 0.24140625 0.54921875 0.0390625 0.0328125
0 0.20546875 0.5515625 0.034375 0.028125
0 0.246875 0.5921875 0.03125 0.028125
0 0.27109375 0.58359375 0.034375 0.028125
0 0.29296875 0.5765625 0.0265625 0.025
0 0.0578125 0.68046875 0.0734375 0.0953125
0 0.09765625 0.65625 0.090625 0.078125
0 0.18984375 0.66171875 0.1140625 0.0953125
0 0.23203125 0.634375 0.078125 0.075
0 0.06875 0.75390625 0.0578125 0.0828125
0 0.11796875 0.7546875 0.0609375 0.0296875
0 0.20234375 0.72109375 0.1140625 0.0828125
0 0.12421875 0.71640625 0.1296875 0.10625
0 0.10859375 0.61875 0.05625 0.0375
0 0.2953125 0.55625 0.025 0.025
0 0.3140625 0.55078125 0.0265625 0.025
0 0.3140625 0.565625 0.01875 0.0140625
0 0.3046875 0.58125 0.0171875 0.0125
0 0.24609375 0.5703125 0.0265625 0.0234375
0 0.4109375 0.428125 0.021875 0.0203125
0 0.42109375 0.49765625 0.0140625 0.0125
0 0.42578125 0.49921875 0.0140625 0.0109375
0 0.40234375 0.5140625 0.015625 0.0125
0 0.38359375 0.51875 0.0171875 0.0140625
0 0.38515625 0.54296875 0.0140625 0.0109375
0 0.40390625 0.565625 0.0140625 0.0125
0 0.6203125 0.50625 0.0828125 0.0734375
0 0.6546875 0.51484375 0.0328125 0.0296875
0 0.446875 0.5828125 0.1 0.0859375
0 0.45078125 0.62109375 0.0640625 0.04375
0 0.51015625 0.58125 0.0859375 0.0828125
0 0.5515625 0.55546875 0.078125 0.06875
0 0.62109375 0.56171875 0.0875 0.078125
0 0.675 0.5515625 0.078125 0.075
0 0.715625 0.55078125 0.0171875 0.015625
0 0.7109375 0.56171875 0.0171875 0.0203125
0 0.703125 0.58515625 0.025 0.01875
0 0.63828125 0.58671875 0.021875 0.015625
0 0.65703125 0.584375 0.0203125 0.015625
0 0.6765625 0.58515625 0.021875 0.0140625
0 0.68984375 0.57890625 0.0125 0.0109375
0 0.7 0.57109375 0.0171875 0.0140625
0 0.67109375 0.5984375 0.028125 0.0234375
0 0.6890625 0.58984375 0.01875 0.015625
0 0.71484375 0.5734375 0.015625 0.0125
0 0.47890625 0.64140625 0.109375 0.090625
0 0.46484375 0.68203125 0.078125 0.0671875
0 0.57109375 0.62265625 0.1109375 0.09375
0 0.5390625 0.6859375 0.1078125 0.0984375
0 0.540625 0.73515625 0.0609375 0.05
0 0.60859375 0.7296875 0.1109375 0.096875
0 0.621875 0.6546875 0.0984375 0.0921875
0 0.7 0.6328125 0.1203125 0.0984375
0 0.70546875 0.684375 0.10625 0.075
0 0.8046875 0.6328125 0.1265625 0.1125
0 0.80625 0.67578125 0.1078125 0.0828125
0 0.8296875 0.58671875 0.1140625 0.090625
0 0.915625 0.49375 0.0734375 0.0546875
0 0.878125 0.50078125 0.01875 0.009375
0 0.87421875 0.5390625 0.075 0.0640625
0 0.9421875 0.53203125 0.078125 0.0609375
0 0.97421875 0.51015625 0.0515625 0.0484375
0 0.99375 0.5140625 0.0125 0.053125
0 0.9828125 0.54453125 0.034375 0.0546875
0 0.921875 0.56875 0.0375 0.034375
0 0.89296875 0.5796875 0.059375 0.05625
0 0.9578125 0.5703125 0.075 0.0625
0 0.9265625 0.6453125 0.0515625 0.046875
0 0.925 0.60703125 0.075 0.065625
0 0.95703125 0.621875 0.059375 0.0671875
0 0.978125 0.59921875 0.04375 0.0703125
0 0.9640625 0.6625 0.03125 0.0328125
0 0.98125 0.646875 0.0375 0.053125
0 0.984375 0.68515625 0.03125 0.0578125
0 0.98203125 0.72265625 0.0359375 0.0609375
0 0.98125 0.75390625 0.0375 0.0578125