0 0.428125 0.32421875 0.1171875 0.0921875
0 0.31484375 0.37421875 0.14375 0.178125
0 0.171875 0.36015625 0.175 0.09375
0 0.2609375 0.2265625 0.140625 0.0796875
0 0.24609375 0.1734375 0.15 0.08125
0 0.3734375 0.18125 0.0984375 0.08125
0 0.49375 0.16171875 0.134375 0.0796875
0 0.571875 0.240625 0.1140625 0.11875
0 0.27890625 0.5 0.1671875 0.0921875
0 0.21484375 0.509375 0.2078125 0.0984375
0 0.36796875 0.528125 0.0734375 0.06875
0 0.275 0.5921875 0.178125 0.084375
0 0.20703125 0.603125 0.11875 0.103125
0 0.27734375 0.66640625 0.1375 0.0953125
0 0.32578125 0.6828125 0.16875 0.134375
0 0.2484375 0.7484375 0.128125 0.09375
0 0.209375 0.815625 0.0734375 0.0578125
0 0.2765625 0.8265625 0.1484375 0.1578125
0 0.26328125 0.90859375 0.125 0.0875
0 0.29765625 0.925 0.075 0.0515625
0 0.38671875 0.909375 0.1359375 0.1328125
0 0.45546875 0.94921875 0.0578125 0.05625
0 0.48828125 0.86171875 0.121875 0.1984375
0 0.40703125 0.74296875 0.125 0.1171875
0 0.41328125 0.6078125 0.11875 0.1375
0 0.42421875 0.4390625 0.1140625 0.134375
0 0.503125 0.284375 0.134375 0.153125
0 0.39140625 0.8203125 0.1296875 0.1453125
0 0.234375 0.42578125 0.0765625 0.08125
0 0.1828125 0.42578125 0.03125 0.0453125
0 0.20625 0.42421875 0.0359375 0.0453125
0 0.140625 0.39296875 0.1 0.05
0 0.2265625 0.31484375 0.1390625 0.0734375
0 0.325 0.26484375 0.103125 0.059375
0 0.3734375 0.18203125 0.0984375 0.0828125
0 0.55703125 0.80390625 0.1140625 0.1109375
0 0.50625 0.7453125 0.09375 0.109375
0 0.5828125 0.6921875 0.14375 0.16875
0 0.6671875 0.66796875 0.121875 0.0765625
0 0.53359375 0.58046875 0.159375 0.0921875
0 0.546875 0.48203125 0.178125 0.146875
0 0.6765625 0.5625 0.05 0.059375
0 0.64765625 0.603125 0.1453125 0.1125
0 0.6359375 0.52890625 0.0359375 0.0578125
0 0.63046875 0.45546875 0.121875 0.1015625
0 0.6703125 0.5125 0.0921875 0.059375
0 0.6703125 0.41953125 0.071875 0.0640625
0 0.72109375 0.42265625 0.0953125 0.0984375
0 0.53671875 0.40390625 0.1375 0.1109375
0 0.66328125 0.37734375 0.05 0.0546875
0 0.7125 0.34921875 0.0703125 0.0703125
0 0.784375 0.34921875 0.0796875 0.034375
0 0.80390625 0.26484375 0.1 0.0984375
0 0.75859375 0.29765625 0.1375 0.115625
0 0.71328125 0.209375 0.125 0.0890625
0 0.68671875 0.12890625 0.1546875 0.1
0 0.5140625 0.20625 0.075 0.0578125
0 0.62890625 0.32578125 0.140625 0.1765625
0 0.0046875 0.0828125 0.009375 0.0875
0 0.0140625 0.11015625 0.028125 0.0546875
0 0.00859375 0.034375 0.0171875 0.0375
0 0.7109375 0.05703125 0.0578125 0.0453125
0 0.70703125 0.01953125 0.0578125 0.0390625
0 0.3921875 0.04609375 0.04375 0.034375
0 0.41015625 0.11015625 0.03125 0.028125
0 0.37421875 0.10703125 0.0359375 0.0359375
0 0.8640625 0.046875 0.034375 0.040625
0 0.88359375 0.028125 0.0390625 0.0375
0 0.97734375 0.115625 0.0203125 0.0328125
0 0.8171875 0.02265625 0.0390625 0.025
0 0.90390625 0.11484375 0.0359375 0.0234375
0 0.7921875 0.09609375 0.03125 0.025
0 0.8125 0.06328125 0.0375 0.0359375