0 0.58125 0.37890625 0.2203125 0.2234375
0 0.60859375 0.22578125 0.203125 0.140625
0 0.44375 0.36875 0.1609375 0.15
0 0.48515625 0.44921875 0.1296875 0.115625
0 0.42265625 0.515625 0.1453125 0.1609375
0 0.58203125 0.53671875 0.1328125 0.1125
0 0.53203125 0.296875 0.0984375 0.0828125
0 0.66171875 0.33203125 0.14375 0.11875
0 0.65078125 0.2515625 0.1953125 0.125
0 0.66953125 0.1671875 0.228125 0.1390625
0 0.71328125 0.38203125 0.1046875 0.1046875
0 0.6296875 0.484375 0.096875 0.0796875
0 0.7 0.5234375 0.1421875 0.134375
0 0.703125 0.45234375 0.1203125 0.0859375
0 0.7078125 0.33125 0.0390625 0.0328125
0 0.74296875 0.3875 0.0578125 0.053125
0 0.77109375 0.42734375 0.078125 0.0640625
0 0.790625 0.48125 0.1640625 0.1546875
0 0.75546875 0.50859375 0.071875 0.0671875
0 0.78828125 0.5609375 0.1078125 0.096875
0 0.721875 0.58671875 0.078125 0.0640625
0 0.74921875 0.63359375 0.1171875 0.1015625
0 0.8078125 0.59765625 0.0765625 0.0640625
0 0.8203125 0.63671875 0.0578125 0.0609375
0 0.7890625 0.684375 0.134375 0.1140625
0 0.86953125 0.6890625 0.165625 0.11875
0 0.57734375 0.66875 0.146875 0.1171875
0 0.69765625 0.703125 0.14375 0.1703125
0 0.6453125 0.57734375 0.1125 0.0984375
0 0.60625 0.73515625 0.115625 0.1015625
0 0.565625 0.6 0.109375 0.090625
0 0.5078125 0.509375 0.1015625 0.0859375
0 0.5015625 0.57578125 0.0984375 0.0875
0 0.45703125 0.6359375 0.1671875 0.11875
0 0.76171875 0.74609375 0.11875 0.096875
0 0.78359375 0.80625 0.1265625 0.115625
0 0.62109375 0.7953125 0.1671875 0.128125
0 0.69453125 0.8390625 0.14375 0.1515625
0 0.771875 0.88359375 0.1390625 0.1265625
0 0.85546875 0.7734375 0.14375 0.11875
0 0.834375 0.83125 0.071875 0.0640625
0 0.603125 0.8609375 0.1015625 0.0734375
0 0.6421875 0.91953125 0.159375 0.14375
0 0.71796875 0.92421875 0.1 0.0796875
0 0.62734375 0.96953125 0.1171875 0.0609375
0 0.59453125 0.9171875 0.0796875 0.071875
0 0.5765625 0.95703125 0.040625 0.0578125
0 0.52109375 0.82421875 0.15625 0.109375
0 0.5140625 0.75703125 0.1546875 0.10625
0 0.4921875 0.73046875 0.121875 0.084375
0 0.52109375 0.671875 0.065625 0.0546875
0 0.50546875 0.8734375 0.059375 0.046875
0 0.45078125 0.84296875 0.075 0.06875
0 0.34296875 0.72421875 0.0984375 0.08125
0 0.38984375 0.70625 0.1296875 0.1203125
0 0.30625 0.5609375 0.11875 0.128125
0 0.37421875 0.421875 0.1328125 0.1234375
0 0.325 0.46953125 0.0765625 0.071875
0 0.27734375 0.51015625 0.14375 0.1390625
0 0.24921875 0.62109375 0.0734375 0.0640625
0 0.3125 0.6515625 0.121875 0.090625
0 0.37265625 0.53671875 0.128125 0.1453125
0 0.38828125 0.62890625 0.10625 0.084375
0 0.4265625 0.61484375 0.09375 0.075
0 0.26171875 0.4671875 0.15625 0.1203125
0 0.2578125 0.4109375 0.0734375 0.0671875
0 0.3390625 0.33984375 0.2640625 0.171875
0 0.34765625 0.27734375 0.05625 0.0390625
0 0.38671875 0.25078125 0.1125 0.1046875
0 0.47890625 0.23046875 0.1484375 0.1234375
0 0.13203125 0.4625 0.0828125 0.0734375
0 0.415625 0.03359375 0.09375 0.0671875
0 0.5671875 0.1328125 0.1375 0.11875
0 0.29765625 0.08046875 0.1078125 0.0765625
0 0.31875 0.103125 0.08125 0.0609375
0 0.37265625 0.0703125 0.0640625 0.053125
0 0.38203125 0.10546875 0.084375 0.05625
0 0.47421875 0.0671875 0.053125 0.0390625
0 0.525 0.02734375 0.096875 0.0546875
0 0.48984375 0.00703125 0.0734375 0.0140625
0 0.45234375 0.1671875 0.05625 0.0578125
0 0.41171875 0.18046875 0.0609375 0.05625
0 0.671875 0.07734375 0.075 0.0609375
0 0.675 0.62890625 0.0828125 0.075
0 0.4859375 0.67421875 0.053125 0.0359375
0 0.47109375 0.70859375 0.0765625 0.0671875
0 0.44140625 0.78671875 0.0828125 0.075
0 0.41796875 0.803125 0.09375 0.1
0 0.421875 0.728125 0.096875 0.0765625
0 0.56953125 0.45 0.1265625 0.11875
0 0.06875 0.52734375 0.0921875 0.0953125
0 0.12890625 0.50859375 0.075 0.084375
0 0.07265625 0.471875 0.0625 0.0546875
0 0.071875 0.42109375 0.096875 0.0828125
0 0.12265625 0.33359375 0.075 0.075
0 0.1875 0.34921875 0.0796875 0.0625
0 0.1984375 0.528125 0.109375 0.109375
0 0.06640625 0.56875 0.10625 0.08125
0 0.1125 0.61171875 0.1 0.10625
0 0.13046875 0.56015625 0.0625 0.0515625
0 0.18203125 0.5734375 0.0625 0.0640625
0 0.2390625 0.5984375 0.0796875 0.0671875
0 0.22265625 0.58515625 0.05 0.0484375
0 0.17890625 0.4078125 0.1109375 0.09375
0 0.1953125 0.4578125 0.1140625 0.078125
0 0.33515625 0.69140625 0.0625 0.0578125
0 0.2625 0.13671875 0.0765625 0.053125
0 0.38515625 0.0375 0.0796875 0.0703125
0 0.5921875 0.071875 0.053125 0.0453125
0 0.5453125 0.0984375 0.08125 0.0640625
0 0.62109375 0.05625 0.0703125 0.065625
0 0.621875 0.11796875 0.08125 0.0921875
0 0.32265625 0.61015625 0.125 0.0765625