0 0.58515625 0.15859375 0.0921875 0.0921875
0 0.60625 0.2390625 0.0953125 0.1046875
0 0.6796875 0.26171875 0.0828125 0.09375
0 0.6421875 0.28125 0.0875 0.1046875
0 0.6625 0.3234375 0.075 0.0875
0 0.69453125 0.36796875 0.05 0.0484375
0 0.6828125 0.41484375 0.06875 0.0609375
0 0.67890625 0.49609375 0.1046875 0.0859375
0 0.63515625 0.52421875 0.0953125 0.103125
0 0.6296875 0.559375 0.084375 0.059375
0 0.64453125 0.4359375 0.10625 0.084375
0 0.57734375 0.4265625 0.1140625 0.0703125
0 0.51015625 0.4421875 0.128125 0.0890625
0 0.3984375 0.215625 0.0890625 0.08125
0 0.47890625 0.25390625 0.1140625 0.0890625
0 0.48515625 0.22421875 0.078125 0.0515625
0 0.5578125 0.31953125 0.1328125 0.1296875
0 0.615625 0.3546875 0.1171875 0.115625
0 0.4375 0.33359375 0.0875 0.0984375
0 0.359375 0.32734375 0.0984375 0.0765625
0 0.25703125 0.3296875 0.159375 0.084375
0 0.2984375 0.421875 0.0890625 0.1
0 0.3578125 0.41953125 0.0828125 0.075
0 0.42109375 0.40703125 0.090625 0.075
0 0.47109375 0.37890625 0.0796875 0.0578125
0 0.31953125 0.24453125 0.103125 0.0875
0 0.378125 0.27734375 0.0796875 0.08125
0 0.53984375 0.3828125 0.090625 0.05625
0 0.4984375 0.3328125 0.10625 0.0828125
0 0.59609375 0.4703125 0.075 0.059375
0 0.22265625 0.44296875 0.065625 0.05625
0 0.18515625 0.5 0.0671875 0.0671875
0 0.321875 0.565625 0.121875 0.109375
0 0.2640625 0.57265625 0.096875 0.071875
0 0.23359375 0.534375 0.0515625 0.040625
0 0.24921875 0.4890625 0.075 0.0984375
0 0.3234375 0.51328125 0.0484375 0.03125
0 0.3328125 0.4765625 0.0796875 0.0765625
0 0.39609375 0.4859375 0.0921875 0.10625
0 0.48515625 0.48984375 0.1265625 0.1078125
0 0.4640625 0.55078125 0.084375 0.0640625
0 0.54609375 0.5921875 0.125 0.115625
0 0.55 0.49296875 0.0703125 0.053125
0 0.5578125 0.553125 0.0703125 0.0640625
0 0.6015625 0.6015625 0.0984375 0.1203125
0 0.62890625 0.5875 0.0359375 0.0234375
0 0.6109375 0.68671875 0.121875 0.084375
0 0.390625 0.54765625 0.084375 0.071875
0 0.41953125 0.59375 0.0765625 0.065625
0 0.47734375 0.59765625 0.0703125 0.0609375
0 0.46875 0.65390625 0.0921875 0.090625
0 0.36953125 0.6015625 0.06875 0.0671875
0 0.27265625 0.609375 0.0609375 0.05625
0 0.2984375 0.6203125 0.0890625 0.0703125
0 0.30546875 0.65078125 0.1265625 0.0953125
0 0.390625 0.65859375 0.08125 0.0625
0 0.53125 0.70390625 0.0953125 0.0734375
0 0.5859375 0.73046875 0.0703125 0.053125
0 0.61015625 0.73984375 0.0921875 0.0640625
0 0.2765625 0.6921875 0.0609375 0.040625
0 0.325 0.7296875 0.140625 0.1421875
0 0.37734375 0.775 0.109375 0.125
0 0.31875 0.815625 0.0546875 0.0546875
0 0.4671875 0.80703125 0.1109375 0.13125
0 0.434375 0.71015625 0.0828125 0.078125
0 0.5546875 0.775 0.1625 0.109375
0 0.528125 0.840625 0.1046875 0.1203125
0 0.51015625 0.88515625 0.071875 0.0640625
0 0.57734375 0.83984375 0.04375 0.04375
0 0.5296875 0.91328125 0.0953125 0.065625
0 0.4296875 0.8625 0.1484375 0.128125
0 0.27421875 0.89296875 0.053125 0.0921875
0 0.32734375 0.88046875 0.11875 0.1328125
0 0.33515625 0.9453125 0.0734375 0.078125
0 0.3875 0.91875 0.0984375 0.1171875
0 0.4671875 0.9421875 0.096875 0.090625
0 0.50703125 0.93984375 0.0765625 0.06875
0 0.415625 0.96640625 0.084375 0.0640625
0 0.5390625 0.6484375 0.1109375 0.0875