0 0.52578125 0.26875 0.090625 0.078125
0 0.56015625 0.31484375 0.0828125 0.075
0 0.6453125 0.3 0.078125 0.0640625
0 0.63828125 0.32421875 0.0703125 0.0640625
0 0.609375 0.359375 0.0515625 0.05625
0 0.378125 0.4359375 0.08125 0.0734375
0 0.484375 0.4265625 0.090625 0.0796875
0 0.578125 0.440625 0.0875 0.0734375
0 0.61484375 0.41875 0.084375 0.0671875
0 0.68984375 0.39375 0.040625 0.040625
0 0.72578125 0.4359375 0.0859375 0.06875
0 0.34296875 0.51953125 0.1171875 0.096875
0 0.51484375 0.46328125 0.071875 0.0671875
0 0.5921875 0.4796875 0.1265625 0.1
0 0.66015625 0.45859375 0.0953125 0.084375
0 0.75390625 0.48359375 0.1015625 0.0875
0 0.784375 0.46875 0.0859375 0.0703125
0 0.5109375 0.5125 0.0953125 0.0765625
0 0.44296875 0.54609375 0.1390625 0.1140625
0 0.32421875 0.58984375 0.084375 0.0703125
0 0.30234375 0.64296875 0.0984375 0.0796875
0 0.29140625 0.61328125 0.0625 0.0515625
0 0.37109375 0.58203125 0.0609375 0.05625
0 0.503125 0.53515625 0.075 0.0609375
0 0.578125 0.5453125 0.121875 0.0921875
0 0.69609375 0.5328125 0.10625 0.0875
0 0.8 0.49765625 0.059375 0.053125
0 0.7515625 0.54296875 0.0875 0.078125
0 0.7796875 0.53046875 0.0671875 0.0640625
0 0.4125 0.6140625 0.1234375 0.103125
0 0.521875 0.59609375 0.1265625 0.1078125
0 0.5828125 0.63984375 0.1265625 0.109375
0 0.3703125 0.63359375 0.0671875 0.0640625
0 0.4859375 0.634375 0.0953125 0.071875
0 0.6734375 0.571875 0.0828125 0.0703125
0 0.6015625 0.56796875 0.078125 0.0578125
0 0.721875 0.5953125 0.078125 0.0609375
0 0.75 0.57734375 0.0578125 0.04375
0 0.790625 0.5625 0.0484375 0.040625
0 0.7875 0.58828125 0.0734375 0.053125
0 0.83828125 0.609375 0.0484375 0.040625
0 0.75859375 0.62421875 0.075 0.065625
0 0.7859375 0.63203125 0.046875 0.0515625
0 0.328125 0.70703125 0.1078125 0.09375
0 0.409375 0.6921875 0.1265625 0.1015625
0 0.5328125 0.69609375 0.1203125 0.09375
0 0.609375 0.703125 0.103125 0.090625
0 0.65703125 0.640625 0.078125 0.0640625
0 0.68984375 0.6859375 0.1046875 0.084375
0 0.76015625 0.67890625 0.084375 0.071875
0 0.39609375 0.76015625 0.0890625 0.0859375
0 0.465625 0.75078125 0.1125 0.0953125
0 0.48125 0.803125 0.11875 0.0921875
0 0.57578125 0.78046875 0.1046875 0.090625
0 0.6484375 0.74296875 0.0703125 0.0625
0 0.7046875 0.73203125 0.0609375 0.0453125
0 0.74921875 0.71640625 0.075 0.04375
0 0.790625 0.69765625 0.0421875 0.04375
0 0.77421875 0.7234375 0.0734375 0.040625
0 0.64296875 0.7734375 0.0609375 0.04375
0 0.71484375 0.746875 0.065625 0.0390625
0 0.49375 0.875 0.121875 0.103125
0 0.5484375 0.834375 0.053125 0.0453125
0 0.5921875 0.8734375 0.10625 0.0953125
0 0.5859375 0.82734375 0.053125 0.0421875
0 0.6671875 0.7890625 0.0671875 0.0546875
0 0.7171875 0.78828125 0.0828125 0.071875
0 0.7671875 0.7796875 0.059375 0.0546875
0 0.68671875 0.82109375 0.0515625 0.0421875
0 0.7203125 0.83671875 0.0625 0.05625
0 0.76875 0.82265625 0.0609375 0.053125
0 0.7765625 0.80859375 0.0484375 0.034375
0 0.4234375 0.7953125 0.0328125 0.025