0 0.58359375 0.5703125 0.1484375 0.1875
0 0.43125 0.47578125 0.1484375 0.1625
0 0.5734375 0.4234375 0.1171875 0.1265625
0 0.48125 0.55859375 0.1203125 0.1609375
0 0.3484375 0.59921875 0.2 0.1546875
0 0.52578125 0.709375 0.1140625 0.096875
0 0.4453125 0.6375 0.096875 0.08125
0 0.35625 0.51953125 0.1 0.0796875
0 0.24140625 0.5484375 0.1953125 0.1390625
0 0.28359375 0.64609375 0.1140625 0.109375
0 0.3875 0.6546875 0.0765625 0.0640625
0 0.44140625 0.70546875 0.11875 0.125
0 0.3625 0.74921875 0.115625 0.1
0 0.3515625 0.6890625 0.0953125 0.08125
0 0.31171875 0.72578125 0.0453125 0.0609375
0 0.63125 0.63046875 0.1328125 0.153125
0 0.52890625 0.646875 0.0984375 0.0640625
0 0.25078125 0.76640625 0.1234375 0.1015625
0 0.6109375 0.7421875 0.1359375 0.1109375
0 0.659375 0.690625 0.0640625 0.065625
0 0.8125 0.6046875 0.2234375 0.1234375
0 0.62109375 0.4703125 0.0953125 0.0875
0 0.64375 0.4546875 0.0515625 0.0390625
0 0.45 0.7921875 0.096875 0.084375
0 0.51484375 0.7765625 0.159375 0.1078125
0 0.68984375 0.40625 0.0828125 0.0765625
0 0.64296875 0.51875 0.0671875 0.08125
0 0.67578125 0.46015625 0.1171875 0.0875
0 0.67734375 0.5390625 0.0859375 0.0953125
0 0.71015625 0.5625 0.065625 0.053125
0 0.7328125 0.540625 0.075 0.053125
0 0.7578125 0.48125 0.1421875 0.0953125
0 0.75234375 0.52890625 0.0875 0.075
0 0.76953125 0.4359375 0.0765625 0.0421875
0 0.81796875 0.52578125 0.0734375 0.06875
0 0.79453125 0.3421875 0.121875 0.09375
0 0.8609375 0.41875 0.0625 0.0671875
0 0.878125 0.56171875 0.0875 0.075
0 0.93828125 0.56484375 0.053125 0.0515625
0 0.88359375 0.5 0.1375 0.0921875
0 0.86953125 0.46640625 0.090625 0.0546875
0 0.721875 0.696875 0.0984375 0.075
0 0.7296875 0.6359375 0.1265625 0.0875
0 0.8171875 0.65859375 0.0671875 0.05
0 0.84609375 0.67890625 0.0765625 0.0578125
0 0.7859375 0.68359375 0.0765625 0.096875
0 0.65390625 0.74296875 0.171875 0.109375
0 0.75234375 0.73203125 0.053125 0.0359375
0 0.7953125 0.7828125 0.1203125 0.0984375
0 0.34453125 0.83515625 0.1578125 0.140625
0 0.2984375 0.78125 0.096875 0.084375
0 0.25234375 0.84453125 0.10625 0.1265625
0 0.3375 0.878125 0.115625 0.0921875
0 0.28984375 0.93671875 0.1046875 0.0765625
0 0.40078125 0.92890625 0.109375 0.1296875
0 0.2890625 0.909375 0.075 0.0546875
0 0.36953125 0.9484375 0.0875 0.0828125
0 0.46953125 0.88125 0.1625 0.1390625
0 0.45859375 0.96328125 0.0765625 0.0671875
0 0.5078125 0.85078125 0.0984375 0.090625
0 0.59140625 0.853125 0.0953125 0.08125
0 0.53828125 0.91328125 0.1015625 0.09375
0 0.7265625 0.81640625 0.0859375 0.075
0 0.74453125 0.83671875 0.096875 0.090625
0 0.68203125 0.8296875 0.053125 0.05625
0 0.6578125 0.80078125 0.06875 0.053125
0 0.55625 0.7984375 0.0875 0.0859375
0 0.61640625 0.7984375 0.0375 0.0328125
0 0.5921875 0.8109375 0.01875 0.0203125
0 0.62421875 0.81796875 0.046875 0.0328125
0 0.72109375 0.7625 0.10625 0.090625
0 0.35078125 0.48125 0.025 0.021875
0 0.5515625 0.3625 0.075 0.0578125
0 0.4875 0.02734375 0.15625 0.0546875
0 0.4734375 0.07421875 0.159375 0.1484375
0 0.1609375 0.53125 0.04375 0.05625
0 0.1296875 0.51171875 0.0453125 0.0421875
0 0.1078125 0.52421875 0.071875 0.05625
0 0.02890625 0.49375 0.0578125 0.053125
0 0.04140625 0.515625 0.0828125 0.075
0 0.02890625 0.55859375 0.0265625 0.028125
0 0.02421875 0.83125 0.0484375 0.04375
0 0.1578125 0.79296875 0.06875 0.05
0 0.16328125 0.83203125 0.0515625 0.04375
0 0.07421875 0.821875 0.025 0.0296875
0 0.1046875 0.81796875 0.04375 0.0390625
0 0.18515625 0.81328125 0.0546875 0.0421875