0 0.659375 0.940625 0.109375 0.0890625
0 0.53828125 0.896875 0.125 0.13125
0 0.4578125 0.921875 0.059375 0.0328125
0 0.5875 0.84375 0.1171875 0.11875
0 0.5859375 0.91953125 0.046875 0.0390625
0 0.64765625 0.89375 0.109375 0.1234375
0 0.6921875 0.85625 0.0453125 0.04375
0 0.4390625 0.84453125 0.125 0.1765625
0 0.6296875 0.7828125 0.1265625 0.1265625
0 0.68359375 0.79921875 0.0765625 0.0875
0 0.7359375 0.7265625 0.11875 0.0921875
0 0.38984375 0.77734375 0.1265625 0.0828125
0 0.3421875 0.7296875 0.178125 0.2
0 0.446875 0.6953125 0.13125 0.1234375
0 0.51796875 0.79765625 0.1328125 0.1203125
0 0.56796875 0.61796875 0.1640625 0.19375
0 0.78359375 0.63828125 0.159375 0.140625
0 0.6953125 0.66484375 0.146875 0.1734375
0 0.678125 0.56796875 0.1140625 0.084375
0 0.971875 0.80234375 0.003125 0.0015625
0 0.53125 0.73359375 0.1296875 0.1078125
0 0.603125 0.70859375 0.0796875 0.096875
0 0.31015625 0.68046875 0.0578125 0.0546875
0 0.27265625 0.6390625 0.1578125 0.1203125
0 0.359375 0.6046875 0.0703125 0.08125
0 0.22578125 0.6171875 0.125 0.0875
0 0.42578125 0.6015625 0.146875 0.1234375
0 0.471875 0.46484375 0.04375 0.0296875
0 0.74765625 0.5734375 0.0703125 0.0546875
0 0.325 0.56328125 0.115625 0.109375
0 0.8 0.53515625 0.16875 0.140625
0 0.7640625 0.46796875 0.096875 0.065625
0 0.78359375 0.43046875 0.04375 0.046875
0 0.6765625 0.42734375 0.2109375 0.121875
0 0.51484375 0.5125 0.1515625 0.1453125
0 0.66328125 0.49609375 0.2078125 0.140625
0 0.18359375 0.40703125 0.125 0.0671875
0 0.1765625 0.45234375 0.1234375 0.0875
0 0.17421875 0.51484375 0.0984375 0.08125
0 0.25078125 0.4875 0.09375 0.0984375
0 0.234375 0.56796875 0.090625 0.0875
0 0.30078125 0.5 0.1609375 0.1390625
0 0.40234375 0.4984375 0.1265625 0.140625
0 0.31796875 0.4171875 0.090625 0.059375
0 0.8515625 0.1375 0.0390625 0.0734375
0 0.796875 0.146875 0.1 0.0890625
0 0.66484375 0.14296875 0.1734375 0.1125
0 0.59609375 0.09453125 0.071875 0.0640625
0 0.59296875 0.0390625 0.1546875 0.078125
0 0.67734375 0.05859375 0.1640625 0.1171875
0 0.67109375 0.00703125 0.1203125 0.0140625
0 0.82734375 0.0375 0.1734375 0.075
0 0.88046875 0.07265625 0.1265625 0.1015625
0 0.78828125 0.08359375 0.1234375 0.0984375
0 0.35078125 0.265625 0.065625 0.0671875
0 0.3328125 0.3171875 0.053125 0.0515625
0 0.153125 0.17578125 0.06875 0.0734375
0 0.37734375 0.18984375 0.059375 0.065625
0 0.28203125 0.21796875 0.065625 0.0453125
0 0.11796875 0.3265625 0.053125 0.0453125
0 0.1 0.3828125 0.0453125 0.0421875
0 0.00546875 0.2484375 0.0109375 0.040625
0 0.29609375 0.1078125 0.05 0.0453125
0 0.346875 0.04765625 0.0625 0.05
0 0.39765625 0.034375 0.0625 0.0453125
0 0.109375 0.13125 0.0390625 0.0359375
0 0.18203125 0.3578125 0.053125 0.0375
0 0.0328125 0.3328125 0.0578125 0.040625
0 0.35 0.21953125 0.0546875 0.0515625
0 0.03828125 0.121875 0.0765625 0.040625
0 0.29765625 0.28359375 0.0578125 0.0421875
0 0.2390625 0.159375 0.0484375 0.0609375
0 0.2015625 0.3078125 0.0484375 0.04375
0 0.128125 0.2765625 0.05625 0.046875
0 0.07421875 0.30390625 0.0625 0.0515625