0 0.48203125 0.7609375 0.10625 0.0875
0 0.40859375 0.7609375 0.09375 0.078125
0 0.38203125 0.76171875 0.08125 0.0796875
0 0.015625 0.6875 0.0203125 0.0515625
0 0.0390625 0.68359375 0.0671875 0.0515625
0 0.04453125 0.653125 0.0796875 0.0578125
0 0.0765625 0.63984375 0.078125 0.053125
0 0.034375 0.603125 0.0640625 0.040625
0 0.0921875 0.57734375 0.0703125 0.059375
0 0.06875 0.53515625 0.0625 0.0375
0 0.0328125 0.51953125 0.065625 0.05
0 0.01484375 0.51640625 0.0296875 0.0484375
0 0.03046875 0.56796875 0.0578125 0.0484375
0 0.09921875 0.5109375 0.0703125 0.059375
0 0.0515625 0.496875 0.075 0.0546875
0 0.0296875 0.46640625 0.059375 0.0640625
0 0.0609375 0.4296875 0.084375 0.065625
0 0.15234375 0.38828125 0.0765625 0.0578125
0 0.2 0.41484375 0.06875 0.05625
0 0.1375 0.43359375 0.0734375 0.05625
0 0.15859375 0.48515625 0.075 0.0609375
0 0.209375 0.59140625 0.128125 0.11875
0 0.14453125 0.571875 0.103125 0.1
0 0.2125 0.49296875 0.09375 0.0859375
0 0.48203125 0.68046875 0.0921875 0.075
0 0.42109375 0.678125 0.121875 0.08125
0 0.36953125 0.69375 0.0890625 0.0625
0 0.271875 0.65546875 0.10625 0.0875
0 0.33046875 0.63984375 0.08125 0.0765625
0 0.3328125 0.575 0.1203125 0.0765625
0 0.30625 0.53515625 0.1203125 0.0921875
0 0.265625 0.4921875 0.0828125 0.0609375
0 0.20703125 0.540625 0.09375 0.0734375
0 0.34140625 0.453125 0.1375 0.0890625
0 0.38515625 0.5125 0.0875 0.084375
0 0.428125 0.41328125 0.1140625 0.0984375
0 0.39140625 0.6359375 0.115625 0.0921875
0 0.49765625 0.61328125 0.11875 0.0953125
0 0.5515625 0.575 0.1171875 0.065625
0 0.54921875 0.5265625 0.1046875 0.0734375
0 0.496875 0.48828125 0.1234375 0.090625
0 0.42890625 0.54765625 0.1125 0.1015625
0 0.61484375 0.58515625 0.01875 0.0171875
0 0.61484375 0.56640625 0.0171875 0.015625
0 0.603125 0.584375 0.0125 0.0171875
0 0.60078125 0.59140625 0.015625 0.0109375
0 0.5984375 0.4625 0.021875 0.0171875
0 0.6140625 0.55078125 0.0125 0.0109375
0 0.60703125 0.5484375 0.0109375 0.009375
0 0.60078125 0.54453125 0.015625 0.0140625
0 0.6203125 0.54453125 0.0171875 0.0109375
0 0.61484375 0.53828125 0.015625 0.0109375
0 0.62109375 0.53359375 0.015625 0.0109375
0 0.6015625 0.52734375 0.015625 0.0171875
0 0.61640625 0.525 0.015625 0.0109375
0 0.6078125 0.51875 0.015625 0.009375
0 0.60078125 0.51328125 0.0125 0.0125
0 0.61640625 0.51015625 0.01875 0.0109375
0 0.62265625 0.515625 0.0171875 0.0109375
0 0.578125 0.4328125 0.0234375 0.0171875
0 0.534375 0.45390625 0.021875 0.015625
0 0.553125 0.47578125 0.025 0.0140625
0 0.5546875 0.48359375 0.0203125 0.0140625
0 0.55 0.4609375 0.0234375 0.015625
0 0.5546875 0.4484375 0.0203125 0.0140625
0 0.56796875 0.44765625 0.0171875 0.0140625
0 0.5796875 0.44765625 0.0203125 0.0140625
0 0.56015625 0.45625 0.015625 0.015625
0 0.57578125 0.4625 0.0203125 0.015625
0 0.5734375 0.47109375 0.015625 0.0125
0 0.5890625 0.47109375 0.025 0.0171875
0 0.578125 0.4859375 0.0171875 0.0140625
0 0.59140625 0.49296875 0.0203125 0.015625
0 0.60390625 0.50078125 0.0171875 0.0125
0 0.62109375 0.49765625 0.0171875 0.015625
0 0.6109375 0.4890625 0.0171875 0.0125
0 0.61796875 0.4828125 0.0171875 0.0109375
0 0.59921875 0.48125 0.01875 0.0125
0 0.60859375 0.471875 0.0203125 0.0125
0 0.65078125 0.95390625 0.0109375 0.009375
0 0.6375 0.953125 0.009375 0.0078125
0 0.62265625 0.959375 0.0140625 0.009375
0 0.6296875 0.953125 0.0125 0.0078125
0 0.6375 0.9453125 0.009375 0.0046875
0 0.55390625 0.96640625 0.009375 0.0078125
0 0.54609375 0.96640625 0.009375 0.009375
0 0.54375 0.9609375 0.009375 0.00625
0 0.43984375 0.90390625 0.0109375 0.0078125
0 0.4359375 0.90859375 0.0078125 0.0078125
0 0.51875 0.9 0.0125 0.0078125
0 0.50234375 0.871875 0.0125 0.0109375
0 0.6609375 0.9078125 0.0109375 0.009375
0 0.70546875 0.91796875 0.0125 0.0109375
0 0.71015625 0.91171875 0.009375 0.0078125
0 0.74609375 0.48203125 0.0078125 0.00625
0 0.74453125 0.49296875 0.00625 0.0046875
0 0.740625 0.490625 0.009375 0.0078125
0 0.73828125 0.48359375 0.0078125 0.00625
0 0.73359375 0.48046875 0.0125 0.0078125
0 0.73984375 0.45 0.021875 0.0234375
0 0.73125 0.47265625 0.0109375 0.0078125
0 0.7390625 0.47109375 0.0078125 0.009375
0 0.72890625 0.46796875 0.0109375 0.00625
0 0.65390625 0.46953125 0.009375 0.0078125
0 0.65703125 0.46640625 0.0125 0.0078125
0 0.64765625 0.47265625 0.0078125 0.0078125
0 0.865625 0.43203125 0.0203125 0.0140625
0 0.8359375 0.43203125 0.0265625 0.015625
0 0.84609375 0.440625 0.0265625 0.0125
0 0.82734375 0.4484375 0.0265625 0.0171875
0 0.825 0.4578125 0.0265625 0.0171875
0 0.67265625 0.5125 0.00625 0.0046875
0 0.65546875 0.54453125 0.0109375 0.0078125
0 0.64921875 0.54296875 0.009375 0.0078125
0 0.64453125 0.54140625 0.0078125 0.0046875
0 0.65703125 0.54140625 0.009375 0.00625
0 0.65625 0.5375 0.0109375 0.0046875
0 0.65078125 0.5359375 0.0125 0.0078125
0 0.6421875 0.5359375 0.0109375 0.0078125
0 0.63515625 0.53203125 0.0109375 0.0078125
0 0.63203125 0.5265625 0.00625 0.0046875
0 0.6265625 0.52109375 0.009375 0.009375
0 0.65078125 0.52734375 0.009375 0.0046875
0 0.6484375 0.53046875 0.009375 0.0046875
0 0.64375 0.5234375 0.009375 0.009375
0 0.63671875 0.521875 0.0109375 0.0078125
0 0.63359375 0.5109375 0.0125 0.0078125
0 0.63515625 0.5140625 0.0109375 0.0078125
0 0.66015625 0.52578125 0.0109375 0.0078125
0 0.6609375 0.521875 0.0109375 0.0078125
0 0.6515625 0.5234375 0.009375 0.0078125
0 0.6546875 0.51640625 0.0140625 0.0109375
0 0.6625 0.5171875 0.0109375 0.0078125
0 0.64375 0.515625 0.0109375 0.009375
0 0.63828125 0.50625 0.0140625 0.009375
0 0.63671875 0.5 0.00625 0.0078125
0 0.6421875 0.49765625 0.0109375 0.009375
0 0.64375 0.5015625 0.0109375 0.0078125
0 0.64609375 0.48828125 0.0109375 0.009375
0 0.6453125 0.48203125 0.0125 0.00625
0 0.6515625 0.48125 0.009375 0.0078125
0 0.64140625 0.48125 0.0078125 0.0046875
0 0.65546875 0.4890625 0.009375 0.0078125
0 0.65859375 0.4984375 0.0125 0.009375
0 0.6515625 0.496875 0.0078125 0.0078125
0 0.65390625 0.50234375 0.0109375 0.0078125
0 0.6515625 0.50859375 0.0109375 0.0078125
0 0.6640625 0.5109375 0.0109375 0.0078125
0 0.6640625 0.5 0.009375 0.0078125
0 0.66640625 0.50546875 0.0078125 0.0046875
0 0.66640625 0.5 0.009375 0.00625
0 0.665625 0.49296875 0.0109375 0.009375
0 0.6703125 0.49140625 0.0078125 0.00625
0 0.6625 0.4859375 0.0078125 0.0046875
0 0.66953125 0.4953125 0.0078125 0.00625
0 0.85703125 0.4546875 0.025 0.0140625
0 0.88125 0.459375 0.01875 0.0140625
0 0.85859375 0.46484375 0.0234375 0.0140625
0 0.8734375 0.46640625 0.0171875 0.0140625
0 0.87734375 0.47734375 0.025 0.01875
0 0.8921875 0.4765625 0.0140625 0.0125
0 0.90078125 0.478125 0.015625 0.015625
0 0.89375 0.4890625 0.028125 0.01875
0 0.9171875 0.49140625 0.0234375 0.0140625
0 0.92109375 0.5 0.0203125 0.0125
0 0.90390625 0.5015625 0.021875 0.0140625
0 0.91328125 0.50703125 0.0265625 0.0171875
0 0.9078125 0.51953125 0.0203125 0.0140625
0 0.90078125 0.509375 0.0109375 0.0046875
0 0.92578125 0.5140625 0.0203125 0.015625
0 0.7734375 0.47265625 0.0171875 0.0125
0 0.80546875 0.46015625 0.01875 0.0109375
0 0.8375 0.471875 0.021875 0.0171875
0 0.85546875 0.47734375 0.0234375 0.015625
0 0.84140625 0.4890625 0.0234375 0.0171875
0 0.86171875 0.49296875 0.0203125 0.0140625
0 0.8765625 0.5 0.0265625 0.0171875
0 0.88515625 0.51640625 0.0171875 0.0140625
0 0.8953125 0.515625 0.0078125 0.015625
0 0.8703125 0.51015625 0.0234375 0.0171875
0 0.86875 0.52578125 0.021875 0.015625
0 0.8515625 0.5296875 0.0234375 0.0140625
0 0.84375 0.53203125 0.01875 0.0171875
0 0.8609375 0.5328125 0.0203125 0.0140625
0 0.87109375 0.53046875 0.0171875 0.0109375
0 0.8765625 0.54140625 0.0234375 0.015625
0 0.865625 0.54375 0.021875 0.0140625
0 0.8578125 0.55390625 0.01875 0.0125
0 0.86328125 0.55078125 0.015625 0.009375
0 0.8375 0.553125 0.0234375 0.015625
0 0.85 0.56875 0.025 0.0171875
0 0.85546875 0.5625 0.021875 0.0109375
0 0.8328125 0.5640625 0.0234375 0.015625
0 0.8484375 0.578125 0.021875 0.0140625
0 0.82890625 0.5546875 0.021875 0.0109375
0 0.82421875 0.54296875 0.0265625 0.0171875
0 0.8484375 0.54375 0.021875 0.0109375
0 0.83671875 0.53515625 0.0234375 0.015625
0 0.8484375 0.515625 0.025 0.015625
0 0.84765625 0.503125 0.021875 0.0125
0 0.81875 0.46640625 0.0203125 0.0140625
0 0.81484375 0.5390625 0.0203125 0.015625
0 0.809375 0.52578125 0.021875 0.0171875
0 0.8015625 0.52421875 0.0203125 0.015625
0 0.834375 0.51484375 0.021875 0.0171875
0 0.81796875 0.51328125 0.0203125 0.0171875
0 0.828125 0.496875 0.025 0.01875
0 0.8046875 0.475 0.025 0.01875
0 0.81640625 0.4875 0.0234375 0.0171875
0 0.81171875 0.4953125 0.01875 0.0140625
0 0.7921875 0.5 0.021875 0.0171875
0 0.79921875 0.51015625 0.021875 0.015625
0 0.78046875 0.51015625 0.0203125 0.0171875
0 0.7796875 0.4984375 0.0203125 0.015625
0 0.7875 0.48046875 0.0171875 0.0140625
0 0.796875 0.48984375 0.015625 0.0109375
0 0.784375 0.48515625 0.021875 0.0140625
0 0.77265625 0.48671875 0.0234375 0.0140625
0 0.77109375 0.49921875 0.021875 0.0125
0 0.9796875 0.37265625 0.0328125 0.0234375
0 0.9828125 0.3875 0.0265625 0.015625
0 0.9890625 0.40234375 0.0171875 0.0265625
0 0.95 0.3921875 0.040625 0.021875
0 0.978125 0.40234375 0.0375 0.01875
0 0.91875 0.40859375 0.0359375 0.0234375
0 0.9765625 0.421875 0.04375 0.0265625
0 0.9609375 0.41484375 0.0359375 0.0203125
0 0.94921875 0.41328125 0.0296875 0.021875
0 0.91640625 0.42421875 0.03125 0.0203125
0 0.92734375 0.43046875 0.028125 0.021875
0 0.940625 0.4375 0.04375 0.0265625
0 0.95 0.45234375 0.040625 0.025
0 0.9171875 0.4578125 0.0359375 0.028125
0 0.90078125 0.4484375 0.0375 0.0296875
0 0.98203125 0.45 0.034375 0.0296875
0 0.9921875 0.4703125 0.0140625 0.0203125
0 0.96171875 0.4640625 0.0390625 0.0171875
0 0.93671875 0.47734375 0.028125 0.021875
0 0.953125 0.484375 0.0390625 0.025
0 0.975 0.48359375 0.0359375 0.0265625
0 0.9953125 0.4859375 0.009375 0.01875
0 0.98671875 0.5015625 0.0265625 0.025
0 0.97890625 0.51015625 0.0359375 0.0265625
0 0.99453125 0.52421875 0.0109375 0.0234375
0 0.9765625 0.53125 0.0375 0.0234375
0 0.96875 0.5515625 0.0359375 0.0265625
0 0.9890625 0.546875 0.021875 0.025
0 0.99140625 0.56484375 0.0171875 0.0171875
0 0.996875 0.57734375 0.00625 0.0171875
0 0.99453125 0.5953125 0.0109375 0.0125
0 0.98828125 0.59296875 0.0234375 0.0203125
0 0.9921875 0.61171875 0.015625 0.0234375
0 0.99609375 0.62421875 0.0078125 0.0140625