0 0.22578125 0.425 0.1875 0.190625
0 0.21328125 0.61953125 0.2421875 0.2328125
0 0.396875 0.58515625 0.1984375 0.2578125
0 0.4 0.3984375 0.2125 0.196875
0 0.5296875 0.34140625 0.15625 0.125
0 0.5234375 0.53984375 0.1421875 0.1859375
0 0.59765625 0.46640625 0.1765625 0.1671875
0 0.63125 0.575 0.13125 0.1359375
0 0.59375 0.684375 0.153125 0.1671875
0 0.41171875 0.7109375 0.1109375 0.065625
0 0.74609375 0.50078125 0.1671875 0.1984375
0 0.659375 0.3625 0.221875 0.153125
0 0.82734375 0.440625 0.1953125 0.1625
0 0.83359375 0.54375 0.096875 0.125
0 0.809375 0.6140625 0.09375 0.0734375
0 0.325 0.81953125 0.109375 0.0953125
0 0.296875 0.72265625 0.11875 0.121875
0 0.22578125 0.7140625 0.06875 0.0484375
0 0.4875 0.7171875 0.1328125 0.1984375
0 0.40546875 0.809375 0.0796875 0.06875
0 0.70390625 0.596875 0.0828125 0.09375
0 0.7609375 0.7015625 0.065625 0.0515625
0 0.79140625 0.73515625 0.0375 0.040625
0 0.8609375 0.71796875 0.0546875 0.08125
0 0.9109375 0.7140625 0.059375 0.059375
0 0.81328125 0.709375 0.053125 0.0609375
0 0.89453125 0.653125 0.0625 0.0859375
0 0.8859375 0.58359375 0.05625 0.0515625
0 0.93671875 0.5921875 0.0671875 0.0828125
0 0.94921875 0.64765625 0.0640625 0.0671875
0 0.9828125 0.584375 0.034375 0.053125
0 0.93671875 0.4953125 0.06875 0.0765625
0 0.95859375 0.29609375 0.0375 0.0609375
0 0.9609375 0.4546875 0.078125 0.06875
0 0.984375 0.646875 0.03125 0.065625
0 0.9515625 0.35859375 0.0578125 0.04375
0 0.971875 0.3796875 0.0359375 0.053125
0 0.9421875 0.39921875 0.0625 0.0515625