0 0.4796875 0.840625 0.0859375 0.071875
0 0.57734375 0.825 0.09375 0.078125
0 0.553125 0.8515625 0.09375 0.0796875
0 0.5859375 0.7578125 0.1 0.0875
0 0.50390625 0.7609375 0.0984375 0.0828125
0 0.49921875 0.7953125 0.090625 0.0578125
0 0.6296875 0.7203125 0.090625 0.06875
0 0.4703125 0.71484375 0.046875 0.0328125
0 0.5234375 0.69453125 0.1171875 0.0984375
0 0.7671875 0.7078125 0.075 0.0671875
0 0.69765625 0.69296875 0.1046875 0.0796875
0 0.65234375 0.665625 0.0515625 0.0453125
0 0.59375 0.703125 0.0515625 0.046875
0 0.5796875 0.68671875 0.0375 0.0265625
0 0.44140625 0.68203125 0.0796875 0.065625
0 0.77421875 0.65234375 0.0890625 0.0828125
0 0.70234375 0.640625 0.1 0.078125
0 0.7078125 0.42421875 0.103125 0.090625
0 0.61171875 0.446875 0.109375 0.08125
0 0.625 0.3671875 0.1078125 0.0890625
0 0.534375 0.37734375 0.1203125 0.0890625
0 0.528125 0.346875 0.0984375 0.059375
0 0.41796875 0.27421875 0.109375 0.0875
0 0.41640625 0.39140625 0.1265625 0.1015625
0 0.4234375 0.46640625 0.115625 0.090625
0 0.5078125 0.44375 0.1234375 0.0984375
0 0.58359375 0.53828125 0.1203125 0.1
0 0.7734375 0.5828125 0.10625 0.075
0 0.73125 0.5140625 0.0875 0.0703125
0 0.73046875 0.46796875 0.078125 0.046875
0 0.6765625 0.4921875 0.08125 0.075
0 0.6390625 0.50859375 0.0734375 0.0703125
0 0.578125 0.4953125 0.0890625 0.0546875
0 0.4421875 0.54453125 0.134375 0.1078125
0 0.496875 0.52734375 0.090625 0.0890625
0 0.33046875 0.465625 0.115625 0.1
0 0.33046875 0.3953125 0.0984375 0.075
0 0.134375 0.36015625 0.1421875 0.1125
0 0.19140625 0.44375 0.109375 0.0875
0 0.23359375 0.3375 0.1359375 0.1
0 0.23203125 0.2625 0.109375 0.084375
0 0.08515625 0.20546875 0.09375 0.096875
0 0.084375 0.28671875 0.11875 0.0953125
0 0.0515625 0.3640625 0.0796875 0.0765625
0 0.05234375 0.48125 0.1046875 0.1
0 0.10078125 0.55625 0.109375 0.090625
0 0.08515625 0.4203125 0.115625 0.0890625
0 0.33984375 0.62578125 0.10625 0.0890625
0 0.25546875 0.634375 0.0890625 0.0765625
0 0.12578125 0.675 0.1140625 0.0953125
0 0.06796875 0.61015625 0.115625 0.075
0 0.03515625 0.54140625 0.0703125 0.0765625
0 0.01875 0.44453125 0.0375 0.0828125
0 0.13359375 0.484375 0.1 0.0859375
0 0.21640625 0.50703125 0.0953125 0.078125
0 0.16015625 0.5515625 0.090625 0.0796875
0 0.15 0.59921875 0.05625 0.046875
0 0.36953125 0.66953125 0.0859375 0.08125
0 0.3640625 0.55390625 0.109375 0.1015625
0 0.56328125 0.634375 0.128125 0.0953125
0 0.46796875 0.65 0.0984375 0.0921875
0 0.49375 0.60390625 0.0984375 0.065625
0 0.271875 0.45625 0.0765625 0.08125
0 0.62890625 0.57421875 0.11875 0.0859375
0 0.6859375 0.5671875 0.084375 0.08125
0 0.28671875 0.55703125 0.0734375 0.0890625
0 0.240625 0.5578125 0.0484375 0.065625
0 0.6125 0.64609375 0.096875 0.0953125
0 0.4125 0.61015625 0.0765625 0.0609375
0 0.296875 0.509375 0.053125 0.0296875
0 0.27265625 0.20234375 0.115625 0.09375
0 0.35546875 0.22890625 0.0890625 0.059375
0 0.3859375 0.17109375 0.1078125 0.0953125
0 0.3296875 0.09765625 0.1 0.0890625
0 0.25546875 0.05078125 0.1109375 0.1015625
0 0.18984375 0.14296875 0.1234375 0.0796875
0 0.32734375 0.284375 0.09375 0.078125
0 0.44609375 0.3296875 0.090625 0.0640625
0 0.30625 0.340625 0.065625 0.0640625
0 0.38046875 0.3421875 0.0984375 0.0796875
0 0.6484375 0.42421875 0.0578125 0.05625
0 0.6 0.40078125 0.0453125 0.0359375
0 0.22890625 0.38828125 0.0734375 0.0390625
0 0.16953125 0.21171875 0.1265625 0.103125