0 0.62734375 0.40546875 0.128125 0.11875
0 0.49296875 0.43515625 0.0890625 0.0953125
0 0.57421875 0.44765625 0.1109375 0.1390625
0 0.35078125 0.50625 0.1484375 0.1265625
0 0.11875 0.53359375 0.184375 0.1015625
0 0.67265625 0.4734375 0.1046875 0.0765625
0 0.5484375 0.51796875 0.153125 0.1703125
0 0.428125 0.53671875 0.0953125 0.090625
0 0.384375 0.5984375 0.103125 0.078125
0 0.309375 0.57578125 0.1765625 0.1265625
0 0.08515625 0.64921875 0.1015625 0.084375
0 0.24453125 0.56328125 0.0625 0.05625
0 0.2703125 0.5515625 0.0578125 0.046875
0 0.27578125 0.528125 0.040625 0.03125
0 0.48515625 0.53671875 0.0890625 0.115625
0 0.65390625 0.57734375 0.1078125 0.096875
0 0.7703125 0.58671875 0.146875 0.10625
0 0.76796875 0.553125 0.0796875 0.0546875
0 0.68671875 0.5265625 0.153125 0.090625
0 0.71484375 0.64140625 0.134375 0.1203125
0 0.64453125 0.68984375 0.103125 0.1296875
0 0.49453125 0.62734375 0.1390625 0.15
0 0.61875 0.615625 0.0859375 0.0765625
0 0.5671875 0.61875 0.090625 0.1140625
0 0.56328125 0.68203125 0.0796875 0.0640625
0 0.58359375 0.7046875 0.0515625 0.0328125
0 0.528125 0.72265625 0.078125 0.0765625
0 0.59140625 0.7453125 0.1015625 0.0734375
0 0.5390625 0.7796875 0.0875 0.0671875
0 0.51328125 0.8390625 0.1296875 0.1421875
0 0.48203125 0.8953125 0.103125 0.1375
0 0.4 0.8828125 0.128125 0.1453125
0 0.36875 0.82109375 0.125 0.1015625
0 0.31796875 0.7359375 0.1046875 0.08125
0 0.32109375 0.65625 0.125 0.140625
0 0.4796875 0.69921875 0.0828125 0.0875
0 0.23828125 0.61328125 0.0671875 0.05
0 0.46015625 0.75078125 0.0703125 0.053125
0 0.49765625 0.74921875 0.040625 0.034375
0 0.44140625 0.7765625 0.046875 0.0375
0 0.18984375 0.665625 0.153125 0.1453125
0 0.146875 0.58203125 0.1203125 0.0734375
0 0.125 0.715625 0.1171875 0.10625
0 0.2234375 0.728125 0.1015625 0.0765625
0 0.146875 0.7625 0.1296875 0.0765625
0 0.16796875 0.79765625 0.0765625 0.040625
0 0.1859375 0.81328125 0.0625 0.0421875
0 0.11953125 0.840625 0.1046875 0.115625
0 0.1765625 0.85390625 0.071875 0.0875
0 0.1390625 0.89609375 0.1015625 0.096875
0 0.065625 0.878125 0.0515625 0.13125
0 0.075 0.80703125 0.0828125 0.0921875
0 0.40390625 0.69765625 0.1328125 0.16875
0 0.13046875 0.94140625 0.0734375 0.053125
0 0.08203125 0.921875 0.0640625 0.0859375
0 0.0703125 0.9671875 0.028125 0.065625
0 0.02734375 0.62421875 0.040625 0.084375
0 0.06953125 0.584375 0.1125 0.096875
0 0.053125 0.7 0.0734375 0.1140625
0 0.06171875 0.7546875 0.06875 0.075