0 0.47265625 0.47734375 0.103125 0.146875
0 0.6203125 0.4234375 0.10625 0.121875
0 0.50703125 0.35234375 0.084375 0.096875
0 0.5625 0.48515625 0.08125 0.1265625
0 0.66875 0.54453125 0.15625 0.10625
0 0.49609375 0.60703125 0.0890625 0.06875
0 0.578125 0.56015625 0.075 0.05625
0 0.6765625 0.475 0.078125 0.05625
0 0.7703125 0.5203125 0.15625 0.090625
0 0.715625 0.59609375 0.084375 0.0796875
0 0.625 0.58515625 0.059375 0.04375
0 0.56953125 0.61953125 0.0875 0.09375
0 0.6296875 0.67109375 0.0875 0.071875
0 0.65 0.62109375 0.0734375 0.05625
0 0.67734375 0.66015625 0.0296875 0.0484375
0 0.4203125 0.51953125 0.09375 0.11875
0 0.50546875 0.55234375 0.0796875 0.040625
0 0.721875 0.70625 0.096875 0.0703125
0 0.4171875 0.6203125 0.10625 0.0765625
0 0.38515625 0.565625 0.046875 0.05
0 0.26875 0.46484375 0.1859375 0.0703125
0 0.4578125 0.384375 0.071875 0.0640625
0 0.44140625 0.36640625 0.040625 0.025
0 0.54609375 0.69140625 0.075 0.059375
0 0.49375 0.66640625 0.128125 0.0703125
0 0.4109375 0.31640625 0.0625 0.05625
0 0.43046875 0.42109375 0.046875 0.0625
0 0.41328125 0.365625 0.0921875 0.059375
0 0.396875 0.4328125 0.0609375 0.071875
0 0.36484375 0.446875 0.0515625 0.0359375
0 0.35 0.42421875 0.059375 0.034375
0 0.33828125 0.36875 0.115625 0.0609375
0 0.334375 0.41015625 0.06875 0.053125
0 0.33671875 0.32734375 0.0625 0.025
0 0.27890625 0.39609375 0.05625 0.05
0 0.3328125 0.2421875 0.096875 0.0625
0 0.26171875 0.29609375 0.0453125 0.05
0 0.2203125 0.415625 0.0671875 0.053125
0 0.16875 0.4078125 0.0390625 0.0375
0 0.22734375 0.36171875 0.1109375 0.059375
0 0.2453125 0.3359375 0.075 0.0328125
0 0.33046875 0.56015625 0.078125 0.0515625
0 0.334375 0.50625 0.1 0.0578125
0 0.25546875 0.51015625 0.053125 0.034375
0 0.2265625 0.521875 0.059375 0.0375
0 0.27734375 0.5375 0.053125 0.0765625
0 0.38046875 0.6125 0.1390625 0.06875
0 0.296875 0.584375 0.0421875 0.0234375
0 0.25078125 0.6203125 0.09375 0.06875
0 0.62890625 0.74765625 0.121875 0.1
0 0.678125 0.71015625 0.075 0.059375
0 0.70625 0.77265625 0.075 0.096875
0 0.62734375 0.7859375 0.090625 0.0625
0 0.65859375 0.85703125 0.084375 0.071875
0 0.56328125 0.81796875 0.0765625 0.1
0 0.66328125 0.821875 0.0609375 0.034375
0 0.58671875 0.85 0.065625 0.078125
0 0.51328125 0.76484375 0.125 0.1
0 0.5078125 0.8375 0.059375 0.0484375
0 0.4859375 0.73125 0.075 0.065625
0 0.4140625 0.71875 0.075 0.05625
0 0.4484375 0.7796875 0.0765625 0.0671875
0 0.30390625 0.66171875 0.065625 0.053125
0 0.28515625 0.67578125 0.0734375 0.065625
0 0.33984375 0.68125 0.0375 0.0421875
0 0.365625 0.6609375 0.053125 0.0359375
0 0.45390625 0.678125 0.065625 0.0625
0 0.40234375 0.6671875 0.028125 0.025
0 0.42109375 0.6828125 0.0125 0.015625
0 0.3921875 0.6828125 0.0375 0.021875
0 0.31875 0.6171875 0.08125 0.0640625
0 0.68828125 0.44296875 0.01875 0.015625
0 0.5375 0.30390625 0.059375 0.040625
0 0.65625 0.01953125 0.1296875 0.0390625
0 0.65859375 0.065625 0.1171875 0.1203125
0 0.8421875 0.51953125 0.028125 0.04375
0 0.8734375 0.509375 0.034375 0.0296875
0 0.88984375 0.52421875 0.05625 0.0390625
0 0.96953125 0.5125 0.0609375 0.034375
0 0.9578125 0.53203125 0.084375 0.05
0 0.95078125 0.56796875 0.01875 0.021875
0 0.91171875 0.80625 0.053125 0.028125
0 0.796875 0.74609375 0.0546875 0.034375
0 0.78515625 0.778125 0.040625 0.03125
0 0.86328125 0.7859375 0.0171875 0.0234375
0 0.83828125 0.77734375 0.034375 0.028125
0 0.7703125 0.75859375 0.04375 0.028125