0 0.05390625 0.5890625 0.025 0.0203125
0 0.065625 0.5984375 0.0265625 0.01875
0 0.05 0.615625 0.0140625 0.0140625
0 0.06328125 0.6109375 0.0234375 0.0203125
0 0.0515625 0.62734375 0.025 0.01875
0 0.04375 0.64453125 0.0234375 0.01875
0 0.04453125 0.6578125 0.021875 0.01875
0 0.0609375 0.65390625 0.021875 0.0203125
0 0.06796875 0.62890625 0.0234375 0.0203125
0 0.078125 0.6171875 0.0265625 0.021875
0 0.10546875 0.61171875 0.03125 0.025
0 0.13984375 0.596875 0.025 0.021875
0 0.0734375 0.64921875 0.0234375 0.0203125
0 0.0703125 0.66328125 0.015625 0.0140625
0 0.09765625 0.6421875 0.0296875 0.025
0 0.1203125 0.621875 0.028125 0.025
0 0.084375 0.63515625 0.0171875 0.015625
0 0.08515625 0.65859375 0.0234375 0.0203125
0 0.08671875 0.66875 0.0140625 0.0109375
0 0.1234375 0.64765625 0.025 0.021875
0 0.103125 0.65390625 0.021875 0.0171875
0 0.13828125 0.625 0.0265625 0.021875
0 0.1515625 0.61171875 0.0296875 0.025
0 0.18828125 0.6234375 0.0265625 0.021875
0 0.1453125 0.64140625 0.0265625 0.021875
0 0.10078125 0.66796875 0.01875 0.0171875
0 0.11796875 0.6640625 0.0296875 0.0234375
0 0.14453125 0.65234375 0.021875 0.015625
0 0.16640625 0.65 0.0265625 0.021875
0 0.18125 0.64453125 0.025 0.021875
0 0.16640625 0.63515625 0.0265625 0.021875
0 0.159375 0.62421875 0.025 0.01875
0 0.15234375 0.6609375 0.0265625 0.0234375
0 0.1390625 0.675 0.0265625 0.0234375
0 0.12109375 0.6765625 0.01875 0.015625
0 0.12578125 0.68359375 0.0125 0.0109375
0 0.14140625 0.68671875 0.0203125 0.0171875
0 0.15859375 0.678125 0.025 0.021875
0 0.17578125 0.66171875 0.021875 0.0171875
0 0.1828125 0.65703125 0.015625 0.0140625
0 0.171875 0.69921875 0.0234375 0.01875
0 0.175 0.68671875 0.025 0.0203125
0 0.15390625 0.6921875 0.0265625 0.0234375
0 0.17421875 0.6734375 0.0203125 0.0171875
0 0.1140625 0.63125 0.0234375 0.0203125
0 0.096875 0.621875 0.025 0.0203125
0 0.08203125 0.60625 0.021875 0.0171875
0 0.11640625 0.59921875 0.025 0.0203125
0 0.15546875 0.58359375 0.0234375 0.0171875
0 0.159375 0.59765625 0.0234375 0.0203125
0 0.171875 0.59375 0.01875 0.01875
0 0.19140625 0.6 0.025 0.01875
0 0.1828125 0.61171875 0.0265625 0.01875
0 0.1703125 0.609375 0.0203125 0.0171875
0 0.190625 0.6359375 0.0203125 0.0171875
0 0.665625 0.55703125 0.015625 0.0140625
0 0.65703125 0.56015625 0.0109375 0.0125
0 0.665625 0.54296875 0.01875 0.0171875
0 0.61953125 0.5296875 0.0171875 0.0171875
0 0.6625 0.528125 0.0171875 0.0140625
0 0.6453125 0.53671875 0.01875 0.015625
0 0.64609375 0.53046875 0.0203125 0.0171875
0 0.63984375 0.5171875 0.0171875 0.0171875
0 0.63203125 0.52734375 0.0140625 0.015625
0 0.65703125 0.521875 0.0203125 0.01875
0 0.6078125 0.52109375 0.0203125 0.0171875
0 0.63359375 0.49609375 0.0171875 0.015625
0 0.63828125 0.478125 0.0203125 0.0171875
0 0.65546875 0.47265625 0.0203125 0.0171875
0 0.6234375 0.48671875 0.0203125 0.01875
0 0.64140625 0.4890625 0.01875 0.015625
0 0.66171875 0.47734375 0.0234375 0.0171875
0 0.67265625 0.48046875 0.0203125 0.01875
0 0.65 0.50078125 0.021875 0.01875
0 0.67421875 0.50859375 0.0203125 0.0171875
0 0.6875 0.4953125 0.0140625 0.0125
0 0.67890625 0.4890625 0.01875 0.0140625
0 0.69765625 0.49453125 0.015625 0.0140625
0 0.725 0.496875 0.0234375 0.0203125
0 0.7265625 0.51171875 0.0171875 0.015625
0 0.74140625 0.52578125 0.01875 0.015625
0 0.73515625 0.51953125 0.015625 0.0125
0 0.7421875 0.509375 0.0171875 0.0125
0 0.73203125 0.48515625 0.0203125 0.0171875
0 0.73984375 0.49921875 0.028125 0.021875
0 0.72265625 0.478125 0.0203125 0.015625
0 0.740625 0.4859375 0.015625 0.015625
0 0.7140625 0.48984375 0.021875 0.01875
0 0.72578125 0.521875 0.0078125 0.009375
0 0.8421875 0.49296875 0.0109375 0.009375
0 0.85 0.49140625 0.0078125 0.009375
0 0.6859375 0.50078125 0.0125 0.0078125
0 0.67421875 0.496875 0.01875 0.015625
0 0.6578125 0.50859375 0.01875 0.015625
0 0.64296875 0.50625 0.0140625 0.0125
0 0.75546875 0.41875 0.0140625 0.015625
0 0.7640625 0.415625 0.0125 0.0125
0 0.78125 0.42109375 0.0234375 0.0203125
0 0.7828125 0.43359375 0.0203125 0.0171875
0 0.759375 0.365625 0.0171875 0.015625
0 0.7703125 0.3703125 0.015625 0.0140625
0 0.7703125 0.3984375 0.0171875 0.015625
0 0.79296875 0.3953125 0.0125 0.0109375
0 0.79453125 0.40234375 0.0109375 0.009375
0 0.76796875 0.38125 0.0203125 0.0171875
0 0.775 0.38359375 0.0140625 0.0109375
0 0.80625 0.39921875 0.009375 0.009375
0 0.81484375 0.4109375 0.0109375 0.009375
0 0.79765625 0.4296875 0.0109375 0.009375
0 0.80390625 0.43515625 0.0125 0.0109375
0 0.82421875 0.40390625 0.009375 0.0078125
0 0.8203125 0.375 0.0234375 0.01875
0 0.8203125 0.42734375 0.009375 0.0078125
0 0.78515625 0.4015625 0.0109375 0.0109375
0 0.80859375 0.3421875 0.015625 0.015625
0 0.81875 0.33671875 0.021875 0.01875
0 0.79140625 0.32578125 0.0109375 0.0125
0 0.90390625 0.409375 0.025 0.0203125
0 0.7859375 0.3875 0.0109375 0.0078125
0 0.8296875 0.38671875 0.0109375 0.0125
0 0.8296875 0.3796875 0.0125 0.015625
0 0.82890625 0.35546875 0.01875 0.0171875
0 0.82265625 0.3625 0.0140625 0.015625
0 0.9921875 0.53359375 0.015625 0.0734375
0 0.98125 0.484375 0.0375 0.04375
0 0.96875 0.46171875 0.0625 0.0578125
0 0.92265625 0.45703125 0.0625 0.0640625
0 0.9609375 0.42109375 0.078125 0.0796875
0 0.99375 0.45546875 0.0125 0.0671875
0 0.88515625 0.37578125 0.08125 0.0765625
0 0.94375 0.3609375 0.084375 0.0765625
0 0.93828125 0.30703125 0.059375 0.0609375
0 0.9625 0.33359375 0.0375 0.06875
0 0.80546875 0.42421875 0.0109375 0.0109375
0 0.81953125 0.41953125 0.0078125 0.00625
0 0.790625 0.4140625 0.009375 0.0078125
0 0.81171875 0.40390625 0.009375 0.0078125
0 0.7828125 0.38125 0.0109375 0.009375
0 0.52734375 0.35234375 0.0953125 0.0765625
0 0.51875 0.39609375 0.1125 0.0984375
0 0.24921875 0.49921875 0.1234375 0.1046875
0 0.3265625 0.49921875 0.1 0.09375
0 0.4046875 0.48203125 0.096875 0.1
0 0.421875 0.41953125 0.128125 0.115625
0 0.49765625 0.4734375 0.1375 0.1234375
0 0.5421875 0.44140625 0.040625 0.04375
0 0.57890625 0.43203125 0.0671875 0.0515625
0 0.584375 0.4609375 0.09375 0.08125
0 0.5796875 0.49296875 0.040625 0.03125
0 0.5546875 0.5046875 0.0484375 0.046875
0 0.528125 0.54921875 0.121875 0.1015625
0 0.56875 0.57109375 0.0953125 0.0796875
0 0.54140625 0.6296875 0.0796875 0.0640625
0 0.465625 0.68203125 0.0328125 0.0265625
0 0.45625 0.65546875 0.0203125 0.015625
0 0.475 0.66328125 0.028125 0.0234375
0 0.45703125 0.66875 0.0203125 0.01875
0 0.44609375 0.6625 0.015625 0.0125
0 0.5046875 0.78359375 0.1203125 0.109375
0 0.571875 0.73359375 0.1015625 0.0890625
0 0.58515625 0.67265625 0.10625 0.09375
0 0.44921875 0.7421875 0.0859375 0.0890625
0 0.50546875 0.70546875 0.1140625 0.1015625
0 0.40546875 0.640625 0.1078125 0.1015625
0 0.4890625 0.61171875 0.128125 0.1125
0 0.421875 0.54921875 0.1125 0.1
0 0.39140625 0.59375 0.059375 0.05
0 0.3421875 0.5609375 0.0953125 0.0859375
0 0.6515625 0.54765625 0.0171875 0.015625
0 0.26796875 0.6078125 0.125 0.1109375
0 0.2140625 0.5625 0.1140625 0.0921875
0 0.3515625 0.59296875 0.0203125 0.0140625
0 0.3484375 0.603125 0.0234375 0.0203125
0 0.33046875 0.61015625 0.01875 0.0171875
0 0.32421875 0.6328125 0.0203125 0.0171875
0 0.328125 0.62109375 0.015625 0.015625
0 0.34296875 0.6171875 0.0234375 0.0203125
0 0.33125 0.6390625 0.025 0.021875
0 0.34296875 0.62890625 0.01875 0.015625
0 0.33671875 0.653125 0.021875 0.01875
0 0.3453125 0.66015625 0.015625 0.015625
0 0.35546875 0.65078125 0.0171875 0.015625