0 0.31953125 0.33671875 0.125 0.1140625
0 0.46171875 0.340625 0.0859375 0.09375
0 0.38203125 0.36953125 0.1046875 0.1375
0 0.62109375 0.384375 0.146875 0.121875
0 0.8640625 0.36640625 0.1859375 0.090625
0 0.2859375 0.41484375 0.103125 0.071875
0 0.421875 0.4359375 0.146875 0.1671875
0 0.5484375 0.43125 0.0921875 0.0875
0 0.60546875 0.48515625 0.1015625 0.0734375
0 0.678125 0.44765625 0.175 0.1171875
0 0.92109375 0.47734375 0.0984375 0.08125
0 0.74140625 0.42265625 0.0609375 0.0546875
0 0.7125 0.41484375 0.0578125 0.04375
0 0.70234375 0.3921875 0.040625 0.0296875
0 0.48984375 0.44296875 0.084375 0.1140625
0 0.3265625 0.5171875 0.1046875 0.0921875
0 0.209375 0.55 0.1453125 0.0984375
0 0.2046875 0.515625 0.0796875 0.0515625
0 0.2828125 0.47265625 0.1546875 0.0796875
0 0.27734375 0.59453125 0.1328125 0.1140625
0 0.35859375 0.63046875 0.096875 0.128125
0 0.49921875 0.53671875 0.1328125 0.146875
0 0.36953125 0.55 0.0828125 0.0734375
0 0.4234375 0.54140625 0.0859375 0.1125
0 0.4390625 0.60546875 0.078125 0.059375
0 0.4234375 0.6328125 0.0515625 0.0296875
0 0.48359375 0.640625 0.075 0.0734375
0 0.42421875 0.6765625 0.1015625 0.06875
0 0.4828125 0.7015625 0.0859375 0.0640625
0 0.521875 0.75625 0.1234375 0.1390625
0 0.56484375 0.8078125 0.0953125 0.1375
0 0.64609375 0.77890625 0.121875 0.1421875
0 0.665625 0.709375 0.1234375 0.0953125
0 0.7015625 0.61328125 0.103125 0.0765625
0 0.68125 0.53203125 0.11875 0.1390625
0 0.528125 0.6078125 0.078125 0.084375
0 0.75859375 0.471875 0.065625 0.046875
0 0.55859375 0.65625 0.06875 0.0515625
0 0.51953125 0.66171875 0.0390625 0.03125
0 0.5828125 0.67890625 0.046875 0.0359375
0 0.81796875 0.51640625 0.1484375 0.140625
0 0.84453125 0.42109375 0.1203125 0.0671875
0 0.89375 0.553125 0.1140625 0.103125
0 0.7953125 0.5859375 0.1 0.071875
0 0.88125 0.60625 0.13125 0.06875
0 0.865625 0.64609375 0.078125 0.0375
0 0.8515625 0.665625 0.0625 0.0390625
0 0.92421875 0.68046875 0.1 0.1125
0 0.86875 0.70546875 0.0671875 0.0875
0 0.915625 0.74140625 0.0984375 0.0921875
0 0.9828125 0.70703125 0.034375 0.1359375
0 0.9609375 0.6375 0.078125 0.090625
0 0.60546875 0.58984375 0.125 0.165625
0 0.93359375 0.7859375 0.0734375 0.0484375
0 0.9734375 0.7546875 0.053125 0.084375
0 0.99375 0.80234375 0.0125 0.0703125
0 0.9828125 0.36796875 0.025 0.0640625
0 0.97890625 0.440625 0.0421875 0.0859375
0 0.925 0.4078125 0.1109375 0.0921875
0 0.96484375 0.5234375 0.0703125 0.115625
0 0.96640625 0.58046875 0.0671875 0.0734375