0 0.7484375 0.36875 0.0609375 0.05
0 0.69453125 0.34140625 0.040625 0.0265625
0 0.725 0.34296875 0.0265625 0.01875
0 0.69296875 0.37109375 0.0703125 0.053125
0 0.734375 0.3921875 0.0453125 0.028125
0 0.07109375 0.2484375 0.05625 0.059375
0 0.07734375 0.2765625 0.0640625 0.0609375
0 0.04609375 0.31171875 0.0359375 0.0421875
0 0.03515625 0.37890625 0.05625 0.0859375
0 0.1453125 0.34140625 0.0359375 0.034375
0 0.12421875 0.33671875 0.0359375 0.0296875
0 0.13515625 0.35078125 0.01875 0.021875
0 0.1453125 0.371875 0.0390625 0.0359375
0 0.16640625 0.409375 0.0296875 0.025
0 0.0921875 0.33359375 0.0390625 0.0359375
0 0.0625 0.328125 0.0359375 0.03125
0 0.11640625 0.359375 0.0421875 0.0375
0 0.14765625 0.42109375 0.04375 0.0359375
0 0.10078125 0.3828125 0.04375 0.0359375
0 0.07734375 0.35546875 0.04375 0.0375
0 0.040625 0.3390625 0.0359375 0.03125
0 0.06015625 0.4015625 0.034375 0.03125
0 0.08828125 0.40546875 0.0390625 0.0328125
0 0.11328125 0.41015625 0.0296875 0.028125
0 0.01484375 0.45078125 0.0296875 0.0859375
0 0.03359375 0.4359375 0.0671875 0.08125
0 0.12734375 0.38984375 0.0296875 0.028125
0 0.1484375 0.39453125 0.0296875 0.028125
0 0.14140625 0.41171875 0.021875 0.0171875
0 0.1234375 0.4203125 0.01875 0.0140625
0 0.0703125 0.37890625 0.03125 0.0265625
0 0.3109375 0.325 0.025 0.021875
0 0.284375 0.39921875 0.015625 0.0140625
0 0.28828125 0.403125 0.015625 0.0125
0 0.25625 0.40546875 0.01875 0.015625
0 0.2359375 0.4 0.0203125 0.015625
0 0.22421875 0.42578125 0.015625 0.0125
0 0.23046875 0.4578125 0.015625 0.0140625
0 0.47890625 0.51328125 0.0953125 0.0828125
0 0.509375 0.540625 0.0359375 0.0328125
0 0.2640625 0.49765625 0.1125 0.096875
0 0.24765625 0.53828125 0.071875 0.05
0 0.328125 0.5296875 0.096875 0.09375
0 0.38359375 0.5265625 0.0875 0.078125
0 0.45 0.56953125 0.0984375 0.0875
0 0.50859375 0.58828125 0.0890625 0.084375
0 0.55 0.60859375 0.01875 0.0171875
0 0.53984375 0.61796875 0.0203125 0.0234375
0 0.51875 0.63671875 0.028125 0.021875
0 0.45390625 0.6046875 0.025 0.0171875
0 0.47421875 0.6109375 0.0234375 0.0171875
0 0.49296875 0.621875 0.025 0.015625
0 0.50859375 0.6234375 0.0140625 0.0109375
0 0.52265625 0.62109375 0.01875 0.0171875
0 0.48046875 0.6328125 0.03125 0.025
0 0.503125 0.634375 0.021875 0.01875
0 0.5375 0.63203125 0.01875 0.015625
0 0.26484375 0.5734375 0.1234375 0.103125
0 0.2296875 0.60625 0.0890625 0.0765625
0 0.36796875 0.60390625 0.1265625 0.10625
0 0.30234375 0.65 0.1234375 0.1125
0 0.2765625 0.70078125 0.0703125 0.0578125
0 0.3484375 0.73125 0.125 0.1109375
0 0.4015625 0.66328125 0.109375 0.1046875
0 0.48984375 0.6828125 0.1359375 0.1125
0 0.46875 0.73671875 0.121875 0.084375
0 0.5953125 0.73828125 0.14375 0.128125
0 0.575 0.78203125 0.121875 0.09375
0 0.6453125 0.70546875 0.128125 0.1015625
0 0.98203125 0.59453125 0.025 0.0328125
0 0.96953125 0.6328125 0.040625 0.0703125
0 0.93515625 0.71796875 0.0625 0.06875
0 0.9109375 0.69765625 0.0140625 0.0125
0 0.7796875 0.65859375 0.084375 0.0625
0 0.73828125 0.6453125 0.021875 0.0109375
0 0.715625 0.68125 0.084375 0.071875
0 0.7859375 0.71171875 0.0875 0.06875
0 0.83046875 0.70546875 0.059375 0.053125
0 0.8875 0.734375 0.1 0.0734375
0 0.9234375 0.7796875 0.053125 0.05625
0 0.83671875 0.753125 0.0765625 0.0625
0 0.74609375 0.7359375 0.0421875 0.0390625
0 0.7109375 0.73203125 0.0671875 0.0625
0 0.78125 0.75703125 0.084375 0.0703125
0 0.88671875 0.78671875 0.0890625 0.0703125
0 0.91953125 0.8234375 0.04375 0.0640625
0 0.7109375 0.815625 0.0578125 0.0546875
0 0.7296875 0.7765625 0.084375 0.075
0 0.75390625 0.80859375 0.0671875 0.075
0 0.80625 0.8078125 0.09375 0.0796875
0 0.88046875 0.8453125 0.109375 0.0875
0 0.7390625 0.853125 0.034375 0.0375
0 0.778125 0.8546875 0.075 0.0609375
0 0.840625 0.88359375 0.090625 0.078125
0 0.89375 0.89375 0.059375 0.071875
0 0.76640625 0.89765625 0.0796875 0.0640625
0 0.81484375 0.92265625 0.078125 0.05625
0 0.87734375 0.928125 0.0671875 0.046875
0 0.8640625 0.95703125 0.078125 0.0484375
0 0.74375 0.9328125 0.084375 0.06875
0 0.80390625 0.95703125 0.0734375 0.059375
0 0.846875 0.97421875 0.08125 0.0515625
0 0.72421875 0.9625 0.0828125 0.0640625
0 0.784375 0.98203125 0.0875 0.0359375
0 0.7484375 0.9890625 0.09375 0.021875