0 0.63203125 0.7578125 0.1296875 0.1640625
0 0.5484375 0.76484375 0.1328125 0.1609375
0 0.4828125 0.7875 0.0796875 0.103125
0 0.459375 0.71640625 0.115625 0.0984375
0 0.5640625 0.62578125 0.1484375 0.14375
0 0.671875 0.71015625 0.025 0.0171875
0 0.64140625 0.7125 0.0515625 0.0484375
0 0.6625 0.66796875 0.1171875 0.1
0 0.73046875 0.6421875 0.053125 0.04375
0 0.66953125 0.590625 0.190625 0.134375
0 0.7328125 0.571875 0.0875 0.0921875
0 0.71015625 0.51875 0.0296875 0.0375
0 0.721875 0.4734375 0.0359375 0.034375
0 0.54375 0.5609375 0.0703125 0.040625
0 0.446875 0.63515625 0.1421875 0.1625
0 0.3546875 0.74453125 0.1359375 0.1109375
0 0.325 0.684375 0.18125 0.1515625
0 0.24921875 0.7015625 0.0265625 0.0515625
0 0.37109375 0.56015625 0.10625 0.1078125
0 0.28828125 0.6109375 0.1390625 0.1578125
0 0.22734375 0.62421875 0.0421875 0.0375
0 0.21484375 0.565625 0.13125 0.13125
0 0.25078125 0.48984375 0.128125 0.103125
0 0.47890625 0.51875 0.1234375 0.0984375
0 0.38671875 0.528125 0.0890625 0.065625
0 0.30859375 0.48828125 0.159375 0.1328125
0 0.575 0.48984375 0.146875 0.1328125
0 0.6609375 0.48671875 0.1265625 0.134375
0 0.728125 0.4078125 0.1703125 0.1828125
0 0.64453125 0.40078125 0.0890625 0.0921875
0 0.54453125 0.40703125 0.1734375 0.15625
0 0.43984375 0.43515625 0.1828125 0.1625
0 0.396875 0.39296875 0.1203125 0.0515625
0 0.62421875 0.35 0.053125 0.0375
0 0.8734375 0.365625 0.046875 0.021875
0 0.871875 0.33828125 0.071875 0.0671875
0 0.81171875 0.3203125 0.0796875 0.10625
0 0.90546875 0.290625 0.0734375 0.0765625
0 0.834375 0.25390625 0.0671875 0.0640625
0 0.88125 0.2296875 0.09375 0.0875
0 0.7703125 0.25390625 0.09375 0.0796875
0 0.7828125 0.2875 0.0453125 0.0359375
0 0.959375 0.26171875 0.0265625 0.028125
0 0.9296875 0.25859375 0.0296875 0.0265625
0 0.940625 0.28125 0.025 0.0328125
0 0.9328125 0.14140625 0.053125 0.0796875
0 0.93046875 0.07421875 0.034375 0.0390625
0 0.92734375 0.03125 0.0296875 0.0625
0 0.928125 0.0078125 0.015625 0.015625
0 0.87265625 0.0359375 0.1390625 0.071875
0 0.81484375 0.04921875 0.0734375 0.0734375
0 0.83046875 0.090625 0.0703125 0.0671875
0 0.86875 0.0796875 0.0359375 0.040625
0 0.9015625 0.11484375 0.1046875 0.078125
0 0.884375 0.17421875 0.065625 0.059375
0 0.82421875 0.16875 0.1 0.1125
0 0.7015625 0.190625 0.1109375 0.096875
0 0.771875 0.16015625 0.05625 0.0515625
0 0.77578125 0.1203125 0.075 0.0609375
0 0.7546875 0.03828125 0.0703125 0.0609375
0 0.76953125 0.0078125 0.0921875 0.015625
0 0.67578125 0.01171875 0.0671875 0.0234375
0 0.62734375 0.0359375 0.0828125 0.071875
0 0.7 0.02421875 0.078125 0.0484375
0 0.72265625 0.10703125 0.1328125 0.1015625
0 0.62265625 0.103125 0.065625 0.0625
0 0.6765625 0.07265625 0.096875 0.084375
0 0.6453125 0.1359375 0.084375 0.0671875
0 0.65390625 0.1796875 0.05625 0.0484375
0 0.60390625 0.2546875 0.0625 0.071875
0 0.6 0.30390625 0.065625 0.0734375
0 0.6359375 0.29921875 0.04375 0.0453125
0 0.63828125 0.27109375 0.0703125 0.0703125
0 0.64765625 0.2484375 0.065625 0.078125
0 0.54765625 0.28984375 0.0796875 0.0671875
0 0.56171875 0.18125 0.0734375 0.075
0 0.5578125 0.23671875 0.0703125 0.0765625
0 0.60859375 0.19609375 0.0703125 0.09375
0 0.4984375 0.2390625 0.0890625 0.065625
0 0.5109375 0.1875 0.05625 0.0515625
0 0.59140625 0.1234375 0.071875 0.0796875
0 0.5328125 0.13828125 0.075 0.0609375
0 0.67421875 0.30703125 0.040625 0.0328125
0 0.653125 0.32265625 0.0296875 0.03125
0 0.3875 0.28203125 0.028125 0.0328125
0 0.39140625 0.31171875 0.0265625 0.0234375
0 0.41953125 0.27421875 0.0265625 0.0234375
0 0.44765625 0.25078125 0.0265625 0.0265625
0 0.4296875 0.309375 0.0265625 0.0171875
0 0.4515625 0.3140625 0.0328125 0.0265625
0 0.42109375 0.3234375 0.0265625 0.0234375
0 0.3984375 0.33125 0.0328125 0.0265625
0 0.36640625 0.31171875 0.025 0.0234375
0 0.38046875 0.3234375 0.01875 0.0140625
0 0.3890625 0.34296875 0.028125 0.0203125
0 0.409375 0.29296875 0.0296875 0.0359375
0 0.4296875 0.2921875 0.0234375 0.021875
0 0.415625 0.34375 0.0296875 0.0171875
0 0.40703125 0.35625 0.0203125 0.0171875
0 0.39140625 0.36796875 0.0234375 0.025
0 0.434375 0.35625 0.0328125 0.0171875
0 0.3640625 0.3578125 0.040625 0.0328125
0 0.375 0.38125 0.04375 0.0265625