0 0.59921875 0.45625 0.1359375 0.1109375
0 0.57890625 0.2890625 0.128125 0.1171875
0 0.5 0.2109375 0.1234375 0.1046875
0 0.40546875 0.22734375 0.1078125 0.090625
0 0.375 0.31796875 0.0984375 0.0875
0 0.2984375 0.29375 0.1 0.0875
0 0.26796875 0.38203125 0.1015625 0.0875
0 0.228125 0.35703125 0.065625 0.0640625
0 0.4359375 0.44375 0.1203125 0.1078125
0 0.50546875 0.40546875 0.1140625 0.0984375
0 0.62421875 0.3703125 0.128125 0.1140625
0 0.52421875 0.3453125 0.1078125 0.08125
0 0.43671875 0.34609375 0.0984375 0.0859375
0 0.4875 0.2828125 0.09375 0.090625
0 0.65625 0.53203125 0.125 0.1140625
0 0.5734375 0.51953125 0.0921875 0.0828125
0 0.46171875 0.60078125 0.1375 0.1203125
0 0.41171875 0.5078125 0.128125 0.1
0 0.81875 0.49765625 0.1296875 0.096875
0 0.815625 0.32734375 0.1296875 0.109375
0 0.76484375 0.215625 0.1109375 0.0953125
0 0.9828125 0.3890625 0.034375 0.084375
0 0.90703125 0.30625 0.0921875 0.0953125
0 0.9453125 0.40703125 0.1015625 0.0875
0 0.975 0.4296875 0.0484375 0.053125
0 0.8375 0.43046875 0.0953125 0.0890625
0 0.7875 0.4359375 0.1109375 0.0890625
0 0.8453125 0.2734375 0.1109375 0.0859375
0 0.72265625 0.27734375 0.1125 0.0921875
0 0.65859375 0.33671875 0.0984375 0.0890625
0 0.684375 0.4421875 0.125 0.109375
0 0.78984375 0.54765625 0.1109375 0.0921875
0 0.50390625 0.73359375 0.1234375 0.109375
0 0.5578125 0.5890625 0.103125 0.0859375
0 0.35859375 0.5359375 0.103125 0.0875
0 0.3359375 0.5796875 0.1140625 0.09375
0 0.7046875 0.59140625 0.1078125 0.0921875
0 0.64140625 0.6125 0.096875 0.0890625
0 0.5375 0.64921875 0.1125 0.096875
0 0.39453125 0.63046875 0.10625 0.0890625
0 0.40390625 0.5703125 0.05625 0.0796875
0 0.41640625 0.6890625 0.096875 0.090625
0 0.471875 0.6640625 0.0875 0.06875
0 0.35703125 0.67109375 0.078125 0.0765625
0 0.42734375 0.7453125 0.0875 0.053125
0 0.40390625 0.76484375 0.06875 0.0609375
0 0.46796875 0.778125 0.0828125 0.05625
0 0.55078125 0.7359375 0.0578125 0.065625
0 0.35625 0.41640625 0.1109375 0.0984375
0 0.56171875 0.6765625 0.10625 0.0859375
0 0.37421875 0.37109375 0.1046875 0.078125
0 0.35078125 0.48203125 0.0421875 0.0390625
0 0.50703125 0.49453125 0.0953125 0.0890625
0 0.48671875 0.54375 0.075 0.0578125
0 0.7140625 0.515625 0.1140625 0.09375
0 0.3921875 0.2640625 0.0984375 0.0671875
0 0.353125 0.26875 0.06875 0.05
0 0.590625 0.6296875 0.0515625 0.0515625
0 0.84140625 0.37265625 0.078125 0.0671875
0 0.77265625 0.375 0.103125 0.0640625
0 0.70390625 0.34140625 0.0640625 0.05625
0 0.65 0.2734375 0.096875 0.071875
0 0.321875 0.35390625 0.0421875 0.0421875
0 0.66796875 0.2203125 0.071875 0.0578125
0 0.5703125 0.19296875 0.0765625 0.0625