0 0.51796875 0.84453125 0.1171875 0.0953125
0 0.62421875 0.75859375 0.134375 0.140625
0 0.7140625 0.75546875 0.0640625 0.0359375
0 0.55703125 0.72265625 0.1265625 0.128125
0 0.584375 0.7984375 0.05 0.04375
0 0.51328125 0.79375 0.1171875 0.1328125
0 0.45625 0.771875 0.0484375 0.046875
0 0.70546875 0.671875 0.134375 0.1890625
0 0.49296875 0.67578125 0.1359375 0.1359375
0 0.4453125 0.7109375 0.0828125 0.09375
0 0.3671875 0.65703125 0.128125 0.1
0 0.7328125 0.5875 0.1359375 0.090625
0 0.7640625 0.5234375 0.1921875 0.215625
0 0.64609375 0.525 0.140625 0.1328125
0 0.6109375 0.65234375 0.1421875 0.128125
0 0.4984375 0.4890625 0.1765625 0.2078125
0 0.2890625 0.58515625 0.171875 0.1515625
0 0.38671875 0.58046875 0.1578125 0.1859375
0 0.37109375 0.47734375 0.121875 0.0921875
0 0.15703125 0.8140625 0.003125 0.0015625
0 0.57421875 0.59296875 0.1390625 0.115625
0 0.49375 0.5921875 0.0859375 0.103125
0 0.778125 0.46328125 0.0640625 0.059375
0 0.8015625 0.40859375 0.16875 0.1296875
0 0.70390625 0.40390625 0.075 0.0875
0 0.84140625 0.37109375 0.1328125 0.09375
0 0.63515625 0.42421875 0.1578125 0.134375
0 0.5421875 0.30234375 0.046875 0.0328125
0 0.303125 0.50625 0.075 0.059375
0 0.7234375 0.35 0.1234375 0.1171875
0 0.23671875 0.4859375 0.1796875 0.1515625
0 0.25 0.40625 0.103125 0.071875
0 0.2171875 0.37578125 0.0484375 0.0515625
0 0.32265625 0.3359375 0.225 0.1328125
0 0.515625 0.365625 0.1609375 0.15625
0 0.36015625 0.4 0.221875 0.153125
0 0.8109375 0.1453125 0.134375 0.075
0 0.83359375 0.18828125 0.1328125 0.09375
0 0.8578125 0.25078125 0.10625 0.0875
0 0.771875 0.24921875 0.1015625 0.1046875
0 0.81484375 0.32421875 0.096875 0.09375
0 0.72578125 0.278125 0.1734375 0.15
0 0.6234375 0.3125 0.1375 0.1515625
0 0.6796875 0.2015625 0.096875 0.0640625
0 0.0484375 0.1078125 0.0421875 0.075
0 0.10703125 0.09921875 0.10625 0.0890625
0 0.24140625 0.065625 0.1765625 0.0828125
0 0.5953125 0.0609375 0.0703125 0.071875
0 0.63046875 0.10625 0.05625 0.05625
0 0.54375 0.0140625 0.059375 0.028125
0 0.646875 0.00703125 0.06875 0.0140625
0 0.84921875 0.04140625 0.0578125 0.0484375
0 0.88671875 0.0921875 0.0484375 0.0453125
0 0.796875 0.0953125 0.05625 0.040625
0 0.915625 0.021875 0.0203125 0.0359375
0 0.5796875 0.02109375 0.059375 0.0421875
0 0.65390625 0.0609375 0.0609375 0.0453125
0 0.75859375 0.05234375 0.0515625 0.046875
0 0.8203125 0.01015625 0.059375 0.0203125
0 0.88515625 0.015625 0.0671875 0.03125