0 0.8125 0.2140625 0.1484375 0.1375
0 0.5359375 0.18515625 0.1375 0.134375
0 0.40234375 0.17890625 0.20625 0.2015625
0 0.5015625 0.11015625 0.1 0.0671875
0 0.35546875 0.2578125 0.1953125 0.140625
0 0.29765625 0.3140625 0.240625 0.153125
0 0.58125 0.9328125 0.1125 0.1265625
0 0.5453125 0.96328125 0.075 0.071875
0 0.446875 0.83359375 0.1 0.096875
0 0.66953125 0.91796875 0.09375 0.0671875
0 0.6484375 0.8671875 0.0921875 0.0890625
0 0.553125 0.828125 0.1625 0.23125
0 0.4625 0.78828125 0.0890625 0.078125
0 0.68671875 0.8234375 0.1890625 0.1984375
0 0.73828125 0.78671875 0.121875 0.1265625
0 0.4984375 0.7359375 0.134375 0.11875
0 0.40390625 0.73359375 0.0859375 0.0734375
0 0.59296875 0.690625 0.0984375 0.121875
0 0.49609375 0.6515625 0.14375 0.1140625
0 0.66484375 0.659375 0.1765625 0.2
0 0.7625 0.6546875 0.1171875 0.15
0 0.51171875 0.58984375 0.1234375 0.121875
0 0.41953125 0.62421875 0.1 0.096875
0 0.43046875 0.7 0.103125 0.0953125
0 0.43984375 0.5578125 0.096875 0.0890625
0 0.5125 0.50546875 0.1671875 0.128125
0 0.84453125 0.5921875 0.203125 0.121875
0 0.665625 0.51953125 0.15 0.1625
0 0.57578125 0.43359375 0.15625 0.1375
0 0.47734375 0.40546875 0.1546875 0.1234375
0 0.440625 0.4046875 0.1546875 0.1828125
0 0.95625 0.45859375 0.0875 0.1203125
0 0.87109375 0.45 0.1640625 0.1984375
0 0.94921875 0.3875 0.1015625 0.15
0 0.9171875 0.278125 0.1203125 0.09375
0 0.88515625 0.31328125 0.1609375 0.128125
0 0.66796875 0.190625 0.1578125 0.1203125
0 0.7375 0.38359375 0.190625 0.1890625
0 0.7921875 0.484375 0.1734375 0.1359375
0 0.7078125 0.303125 0.109375 0.0984375
0 0.603125 0.2390625 0.1078125 0.1078125
0 0.62421875 0.3234375 0.1734375 0.1671875
0 0.484375 0.29921875 0.16875 0.18125
0 0.96328125 0.08984375 0.0578125 0.028125
0 0.8203125 0.0796875 0.0875 0.0671875
0 0.9859375 0.190625 0.028125 0.075
0 0.94140625 0.1765625 0.071875 0.06875
0 0.9828125 0.121875 0.034375 0.078125
0 0.87734375 0.1515625 0.0796875 0.0796875
0 0.88203125 0.090625 0.05625 0.0578125
0 0.934375 0.11875 0.08125 0.071875
0 0.971875 0.61796875 0.0375 0.053125