0 0.7703125 0.3296875 0.1078125 0.090625
0 0.7953125 0.278125 0.0828125 0.065625
0 0.8765625 0.35390625 0.1421875 0.0953125
0 0.9046875 0.43203125 0.1640625 0.10625
0 0.9140625 0.484375 0.0515625 0.034375
0 0.79296875 0.49375 0.1234375 0.11875
0 0.85390625 0.5265625 0.1 0.1
0 0.671875 0.4859375 0.11875 0.1109375
0 0.7953125 0.390625 0.1625 0.115625
0 0.84765625 0.45234375 0.1234375 0.090625
0 0.6171875 0.3109375 0.0765625 0.0765625
0 0.69765625 0.321875 0.0703125 0.0546875
0 0.728125 0.43203125 0.0859375 0.06875
0 0.65703125 0.41484375 0.1015625 0.0734375
0 0.70234375 0.37109375 0.0953125 0.0765625
0 0.63984375 0.365625 0.096875 0.1140625
0 0.56640625 0.38203125 0.0890625 0.0640625
0 0.48125 0.3671875 0.0796875 0.0578125
0 0.4203125 0.21953125 0.05 0.053125
0 0.3421875 0.2515625 0.0703125 0.053125
0 0.2828125 0.26015625 0.1234375 0.0796875
0 0.37421875 0.2953125 0.06875 0.0640625
0 0.53203125 0.2765625 0.0734375 0.0546875
0 0.5265625 0.31953125 0.0546875 0.04375
0 0.446875 0.325 0.075 0.065625
0 0.40625 0.3390625 0.1234375 0.090625
0 0.77109375 0.52578125 0.0921875 0.0765625
0 0.578125 0.45625 0.0890625 0.0859375
0 0.4953125 0.4703125 0.1203125 0.1078125
0 0.52578125 0.40078125 0.0921875 0.078125
0 0.5859375 0.4265625 0.0859375 0.0609375
0 0.45859375 0.40703125 0.103125 0.109375
0 0.34140625 0.34375 0.0828125 0.0609375
0 0.315625 0.31640625 0.0890625 0.071875
0 0.2625 0.30390625 0.0921875 0.06875
0 0.278125 0.365625 0.1140625 0.084375
0 0.309375 0.409375 0.11875 0.0953125
0 0.353125 0.471875 0.1328125 0.10625
0 0.39921875 0.45234375 0.1234375 0.0890625
0 0.72265625 0.46953125 0.065625 0.0453125
0 0.7375 0.5578125 0.05 0.0578125
0 0.7 0.55234375 0.0734375 0.0703125
0 0.70703125 0.6 0.0625 0.0640625
0 0.646875 0.5671875 0.1171875 0.1
0 0.61171875 0.60234375 0.0640625 0.071875
0 0.66171875 0.64609375 0.14375 0.115625
0 0.62265625 0.6859375 0.1328125 0.1015625
0 0.55078125 0.58515625 0.1203125 0.1203125
0 0.496875 0.5296875 0.103125 0.10625
0 0.41328125 0.525 0.13125 0.1125
0 0.359375 0.52109375 0.1359375 0.1046875
0 0.35703125 0.56953125 0.04375 0.0359375
0 0.3953125 0.60390625 0.11875 0.08125
0 0.47109375 0.5953125 0.0859375 0.0734375
0 0.52890625 0.653125 0.109375 0.10625
0 0.60625 0.51875 0.1265625 0.096875
0 0.3703125 0.39140625 0.115625 0.078125
0 0.6171875 0.72421875 0.109375 0.071875
0 0.5484375 0.71015625 0.059375 0.0625
0 0.48828125 0.7015625 0.0984375 0.103125
0 0.425 0.7078125 0.09375 0.0859375
0 0.38359375 0.70703125 0.046875 0.04375
0 0.35625 0.74140625 0.0703125 0.084375
0 0.4 0.7609375 0.10625 0.1140625
0 0.45859375 0.79609375 0.0921875 0.1125
0 0.48671875 0.7515625 0.084375 0.075
0 0.56015625 0.76640625 0.0984375 0.096875
0 0.60546875 0.76796875 0.0609375 0.059375
0 0.3984375 0.8078125 0.065625 0.059375
0 0.4859375 0.81953125 0.0703125 0.0921875
0 0.5421875 0.7984375 0.096875 0.0765625
0 0.371875 0.65546875 0.096875 0.08125
0 0.43359375 0.65078125 0.121875 0.09375
0 0.1984375 0.25 0.0421875 0.046875
0 0.15859375 0.2515625 0.0484375 0.0234375
0 0.13203125 0.26328125 0.0671875 0.0421875
0 0.19375 0.30546875 0.04375 0.046875
0 0.1578125 0.29140625 0.053125 0.040625
0 0.115625 0.30390625 0.046875 0.0390625
0 0.14609375 0.325 0.04375 0.0484375
0 0.11875 0.3375 0.0421875 0.05
0 0.1484375 0.35234375 0.04375 0.040625
0 0.1828125 0.3359375 0.05625 0.05
0 0.209375 0.34921875 0.028125 0.0359375
0 0.2265625 0.296875 0.0421875 0.034375
0 0.88515625 0.5859375 0.0296875 0.021875
0 0.8703125 0.5703125 0.040625 0.021875
0 0.8375 0.5953125 0.040625 0.0359375
0 0.871875 0.59921875 0.021875 0.025
0 0.859375 0.625 0.0265625 0.0265625
0 0.8234375 0.64765625 0.040625 0.0390625
0 0.79375 0.64453125 0.0375 0.0453125
0 0.76640625 0.603125 0.0359375 0.034375
0 0.7734375 0.57578125 0.0390625 0.04375
0 0.79296875 0.58046875 0.025 0.03125
0 0.81484375 0.6046875 0.0375 0.0296875
0 0.85703125 0.6 0.0375 0.0390625
0 0.8359375 0.62265625 0.03125 0.03125