0 0.52890625 0.21328125 0.165625 0.0859375
0 0.49609375 0.24921875 0.103125 0.065625
0 0.3390625 0.3078125 0.096875 0.090625
0 0.2921875 0.31484375 0.0484375 0.053125
0 0.61953125 0.29609375 0.14375 0.0890625
0 0.57734375 0.31796875 0.1171875 0.0890625
0 0.67734375 0.37421875 0.1203125 0.075
0 0.5140625 0.38671875 0.115625 0.128125
0 0.43203125 0.36484375 0.084375 0.071875
0 0.396875 0.390625 0.096875 0.06875
0 0.371875 0.34921875 0.0734375 0.078125
0 0.31015625 0.37421875 0.0640625 0.05625
0 0.3859375 0.44375 0.096875 0.0765625
0 0.41875 0.50625 0.0953125 0.0703125
0 0.5921875 0.37890625 0.0625 0.0453125
0 0.69375 0.43359375 0.09375 0.053125
0 0.621875 0.4234375 0.0671875 0.034375
0 0.66875 0.471875 0.13125 0.0734375
0 0.58671875 0.51640625 0.121875 0.08125
0 0.4796875 0.54609375 0.09375 0.10625
0 0.5609375 0.453125 0.1234375 0.0890625
0 0.46953125 0.30234375 0.0890625 0.0625
0 0.63984375 0.58515625 0.1109375 0.06875
0 0.57890625 0.59140625 0.1265625 0.090625
0 0.3796875 0.559375 0.11875 0.0828125
0 0.34609375 0.52734375 0.05625 0.0484375
0 0.36796875 0.48984375 0.0546875 0.0390625
0 0.3296875 0.4609375 0.046875 0.0515625
0 0.61796875 0.6359375 0.078125 0.0578125
0 0.62890625 0.69140625 0.0421875 0.0578125
0 0.57109375 0.66328125 0.0953125 0.084375
0 0.52578125 0.7078125 0.0890625 0.071875
0 0.509375 0.625 0.0890625 0.084375
0 0.37109375 0.61875 0.1390625 0.075
0 0.4484375 0.68046875 0.1046875 0.11875
0 0.33046875 0.70859375 0.0828125 0.06875
0 0.37265625 0.6953125 0.0796875 0.0890625
0 0.3671875 0.7734375 0.1015625 0.1078125
0 0.4203125 0.8984375 0.090625 0.1078125
0 0.47734375 0.878125 0.0828125 0.10625
0 0.64140625 0.5375 0.0859375 0.0796875
0 0.44609375 0.815625 0.0828125 0.0765625
0 0.4328125 0.7625 0.0921875 0.084375
0 0.52265625 0.79296875 0.096875 0.1265625
0 0.54453125 0.8609375 0.1203125 0.096875
0 0.59609375 0.8578125 0.075 0.096875
0 0.578125 0.77734375 0.0765625 0.0671875
0 0.59375 0.7265625 0.06875 0.0640625
0 0.53359375 0.91484375 0.078125 0.0640625
0 0.9046875 0.4234375 0.0734375 0.0625
0 0.8359375 0.3921875 0.059375 0.0359375
0 0.95234375 0.5515625 0.0953125 0.0734375
0 0.82265625 0.50078125 0.065625 0.0703125
0 0.87578125 0.496875 0.0578125 0.04375
0 0.84609375 0.42109375 0.0515625 0.0390625
0 0.79453125 0.40703125 0.0625 0.0453125
0 0.84921875 0.446875 0.0796875 0.0671875
0 0.78828125 0.46015625 0.0578125 0.0453125
0 0.76875 0.5046875 0.0703125 0.0578125
0 0.8375 0.5328125 0.05625 0.053125
0 0.878125 0.55625 0.0796875 0.0890625
0 0.9078125 0.58203125 0.0625 0.08125
0 0.84140625 0.59296875 0.0796875 0.05625
0 0.94765625 0.46796875 0.04375 0.028125
0 0.9671875 0.49296875 0.05 0.028125
0 0.97890625 0.4609375 0.0421875 0.0375
0 0.8890625 0.646875 0.0609375 0.0640625
0 0.8609375 0.66171875 0.0546875 0.0671875
0 0.77109375 0.615625 0.08125 0.0703125
0 0.79296875 0.56953125 0.059375 0.046875
0 0.925 0.7171875 0.078125 0.053125
0 0.80703125 0.64765625 0.0796875 0.05625
0 0.815625 0.68125 0.0375 0.0265625
0 0.76640625 0.67421875 0.06875 0.0453125
0 0.71796875 0.6296875 0.0515625 0.059375
0 0.67890625 0.65390625 0.05625 0.0703125
0 0.68046875 0.72421875 0.0703125 0.065625
0 0.8 0.7203125 0.065625 0.0546875
0 0.74765625 0.71328125 0.0625 0.046875
0 0.71484375 0.68125 0.05 0.04375
0 0.8984375 0.7703125 0.065625 0.096875
0 0.8640625 0.7640625 0.0765625 0.08125
0 0.77890625 0.76015625 0.0578125 0.053125
0 0.7390625 0.75 0.065625 0.05
0 0.66796875 0.7796875 0.059375 0.046875
0 0.7265625 0.78359375 0.084375 0.0671875
0 0.7 0.82734375 0.059375 0.0640625
0 0.62578125 0.7875 0.090625 0.0609375
0 0.81875 0.7828125 0.0515625 0.0375
0 0.80859375 0.8140625 0.096875 0.0625
0 0.75703125 0.84296875 0.0671875 0.0625
0 0.84375 0.8515625 0.028125 0.0296875
0 0.81484375 0.8609375 0.071875 0.0515625
0 0.78671875 0.903125 0.09375 0.0625
0 0.81640625 0.940625 0.071875 0.0515625
0 0.7453125 0.91640625 0.0546875 0.0515625
0 0.7046875 0.89140625 0.0515625 0.053125
0 0.678125 0.953125 0.0671875 0.075
0 0.63671875 0.92265625 0.0890625 0.059375
0 0.784375 0.96328125 0.0734375 0.06875
0 0.7765625 0.9859375 0.04375 0.028125
0 0.73125 0.96875 0.0625 0.0625
0 0.71015625 0.990625 0.0546875 0.01875
0 0.65546875 0.8734375 0.084375 0.078125