0 0.5140625 0.48203125 0.115625 0.1015625
0 0.61796875 0.4859375 0.1578125 0.175
0 0.725 0.4296875 0.1609375 0.11875
0 0.6140625 0.3546875 0.1296875 0.096875
0 0.60859375 0.30859375 0.1375 0.103125
0 0.5125 0.3546875 0.0984375 0.0890625
0 0.4125 0.37734375 0.125 0.096875
0 0.3765625 0.4625 0.1203125 0.121875
0 0.68515625 0.57265625 0.1546875 0.115625
0 0.73828125 0.559375 0.1875 0.1296875
0 0.625 0.621875 0.075 0.071875
0 0.71796875 0.6421875 0.1609375 0.1125
0 0.7734375 0.6296875 0.11875 0.1109375
0 0.73828125 0.70078125 0.1328125 0.109375
0 0.70703125 0.728125 0.165625 0.1484375
0 0.7875 0.75625 0.125 0.10625
0 0.8390625 0.79609375 0.071875 0.0640625
0 0.78984375 0.825 0.15625 0.1609375
0 0.825 0.88046875 0.1171875 0.09375
0 0.803125 0.90390625 0.06875 0.0515625
0 0.725 0.909375 0.1296875 0.109375
0 0.6828125 0.959375 0.0484375 0.0265625
0 0.63203125 0.90859375 0.1390625 0.1671875
0 0.66171875 0.80078125 0.128125 0.125
0 0.61484375 0.69765625 0.128125 0.1390625
0 0.55390625 0.5703125 0.1234375 0.134375
0 0.44375 0.475 0.14375 0.1546875
0 0.6984375 0.85625 0.1375 0.146875
0 0.696875 0.50078125 0.08125 0.0828125
0 0.73671875 0.484375 0.0359375 0.04375
0 0.71796875 0.490625 0.040625 0.0453125
0 0.759375 0.4453125 0.090625 0.0640625
0 0.66875 0.4125 0.1265625 0.09375
0 0.57578125 0.40390625 0.0953125 0.0734375
0 0.51171875 0.35546875 0.0984375 0.0890625
0 0.565625 0.8953125 0.11875 0.115625
0 0.58671875 0.83359375 0.1015625 0.1109375
0 0.51015625 0.8171875 0.1546875 0.16875
0 0.43671875 0.82421875 0.1140625 0.090625
0 0.51328125 0.7140625 0.1484375 0.1140625
0 0.47109375 0.64296875 0.1765625 0.1609375
0 0.39609375 0.7453125 0.0546875 0.059375
0 0.43203125 0.76796875 0.1421875 0.125
0 0.4171875 0.70625 0.04375 0.0546875
0 0.3984375 0.6484375 0.1203125 0.1109375
0 0.3859375 0.7046875 0.0875 0.0703125
0 0.35703125 0.6328125 0.071875 0.06875
0 0.31796875 0.65078125 0.1 0.1015625
0 0.45546875 0.57890625 0.1359375 0.121875
0 0.3484375 0.59765625 0.053125 0.05625
0 0.3015625 0.59140625 0.071875 0.0734375
0 0.2453125 0.6140625 0.0703125 0.046875
0 0.2046875 0.55390625 0.103125 0.103125
0 0.24921875 0.565625 0.1375 0.1265625
0 0.25703125 0.4828125 0.1203125 0.1015625
0 0.25234375 0.41171875 0.1453125 0.1171875
0 0.4109375 0.41796875 0.0734375 0.0640625
0 0.35859375 0.54609375 0.15625 0.175
0 0.8328125 0.15703125 0.084375 0.0953125
0 0.85859375 0.08828125 0.06875 0.090625
0 0.81328125 0.1015625 0.0671875 0.0625
0 0.8390625 0.02890625 0.05625 0.0578125
0 0.7984375 0.040625 0.078125 0.08125
0 0.77734375 0.08125 0.0703125 0.0703125
0 0.784375 0.15703125 0.0625 0.0828125
0 0.778125 0.1828125 0.05625 0.05625
0 0.87421875 0.14765625 0.0671875 0.084375
0 0.88359375 0.16171875 0.0640625 0.065625
0 0.73828125 0.0875 0.0875 0.0734375
0 0.7234375 0.0328125 0.078125 0.065625
0 0.7609375 0.11796875 0.0484375 0.0484375
0 0.703125 0.0078125 0.0625 0.015625
0 0.2109375 0.3640625 0.0578125 0.05
0 0.20078125 0.3265625 0.059375 0.0609375
0 0.13359375 0.309375 0.053125 0.0640625
0 0.16015625 0.309375 0.0375 0.034375
0 0.21171875 0.2640625 0.05625 0.046875
0 0.45546875 0.2546875 0.04375 0.0390625
0 0.46171875 0.31015625 0.03125 0.03125
0 0.48828125 0.296875 0.0375 0.0375
0 0.0890625 0.403125 0.0375 0.040625
0 0.06796875 0.3953125 0.040625 0.040625
0 0.01796875 0.49375 0.034375 0.034375
0 0.11796875 0.3703125 0.0375 0.0296875
0 0.07890625 0.46875 0.034375 0.028125
0 0.159375 0.41953125 0.0296875 0.028125
0 0.134375 0.4 0.0390625 0.0375
0 0.01640625 0.33515625 0.0328125 0.0296875