0 0.52578125 0.00625 0.0578125 0.0125
0 0.58984375 0.01328125 0.0640625 0.0265625
0 0.49921875 0.02109375 0.0515625 0.0421875
0 0.46875 0.028125 0.0625 0.05625
0 0.49765625 0.053125 0.0703125 0.046875
0 0.55390625 0.040625 0.0515625 0.0421875
0 0.5203125 0.12421875 0.0265625 0.0234375
0 0.5359375 0.12265625 0.028125 0.025
0 0.54453125 0.12421875 0.0203125 0.028125
0 0.5796875 0.12734375 0.0765625 0.0625
0 0.64375 0.1078125 0.03125 0.0265625
0 0.67890625 0.090625 0.0546875 0.046875
0 0.68671875 0.071875 0.0421875 0.0453125
0 0.55234375 0.0140625 0.0359375 0.028125
0 0.7375 0.0796875 0.04375 0.046875
0 0.71171875 0.08515625 0.059375 0.0578125
0 0.74765625 0.11640625 0.0296875 0.034375
0 0.66171875 0.13203125 0.0609375 0.0484375
0 0.659375 0.16875 0.05625 0.0484375
0 0.7203125 0.125 0.0546875 0.04375
0 0.70390625 0.15234375 0.0546875 0.0421875
0 0.7359375 0.16875 0.0296875 0.034375
0 0.70625 0.18203125 0.0578125 0.0515625
0 0.678125 0.2046875 0.0578125 0.05
0 0.70859375 0.2375 0.0578125 0.046875
0 0.0109375 0.165625 0.021875 0.065625
0 0.0328125 0.1609375 0.065625 0.071875
0 0.10234375 0.1875 0.0875 0.078125
0 0.06875 0.190625 0.05625 0.0453125
0 0.03515625 0.2140625 0.0703125 0.071875
0 0.09140625 0.24609375 0.084375 0.0765625
0 0.4140625 0.04609375 0.0203125 0.0203125
0 0.05546875 0.3265625 0.0875 0.06875
0 0.084375 0.3265625 0.053125 0.05625
0 0.05 0.409375 0.0859375 0.071875
0 0.06875 0.38828125 0.0875 0.0734375
0 0.02265625 0.3765625 0.0453125 0.05625
0 0.1171875 0.38828125 0.0671875 0.0625
0 0.18125 0.38359375 0.103125 0.09375
0 0.23359375 0.43671875 0.1296875 0.109375
0 0.06953125 0.4953125 0.1046875 0.084375
0 0.0171875 0.51015625 0.034375 0.0796875
0 0.01328125 0.43515625 0.0265625 0.0765625
0 0.0421875 0.4609375 0.084375 0.06875
0 0.09453125 0.4390625 0.0609375 0.05625
0 0.1546875 0.45546875 0.0640625 0.059375
0 0.11171875 0.4921875 0.0765625 0.071875
0 0.22421875 0.4953125 0.1140625 0.090625
0 0.15859375 0.53046875 0.0984375 0.08125
0 0.10078125 0.58203125 0.109375 0.0875
0 0.17578125 0.58515625 0.0828125 0.0671875
0 0.034375 0.61640625 0.053125 0.06875
0 0.04296875 0.54375 0.0859375 0.071875
0 0.13359375 0.65859375 0.0859375 0.065625
0 0.0703125 0.65546875 0.0796875 0.065625
0 0.13984375 0.62578125 0.0703125 0.0484375
0 0.1796875 0.66171875 0.071875 0.0609375
0 0.06484375 0.6890625 0.0765625 0.0546875
0 0.09453125 0.6125 0.0984375 0.0671875
0 0.12578125 0.6875 0.078125 0.0296875
0 0.2125 0.54453125 0.05 0.0421875
0 0.14765625 0.415625 0.065625 0.0515625
0 0.18984375 0.290625 0.1046875 0.0921875
0 0.3125 0.171875 0.0703125 0.0546875
0 0.29765625 0.20625 0.1046875 0.0953125
0 0.41484375 0.22890625 0.1203125 0.109375
0 0.46875 0.25 0.1078125 0.0953125
0 0.50390625 0.2109375 0.0875 0.0765625
0 0.56875 0.1984375 0.08125 0.08125
0 0.60859375 0.19296875 0.0296875 0.0375
0 0.3796875 0.203125 0.10625 0.0796875
0 0.3359375 0.26875 0.1109375 0.0890625
0 0.28359375 0.36484375 0.0890625 0.0875
0 0.36171875 0.3234375 0.1171875 0.0890625
0 0.403125 0.34453125 0.1265625 0.1046875
0 0.4828125 0.30703125 0.10625 0.0734375
0 0.328125 0.4484375 0.1359375 0.1140625
0 0.3296875 0.39765625 0.0875 0.05625
0 0.41875 0.421875 0.115625 0.0984375
0 0.30078125 0.51484375 0.0390625 0.034375
0 0.165625 0.34609375 0.0578125 0.046875
0 0.55546875 0.26328125 0.1109375 0.096875
0 0.59453125 0.28046875 0.1109375 0.1
0 0.6828125 0.29375 0.121875 0.0921875
0 0.6453125 0.23515625 0.109375 0.0984375
0 0.50703125 0.3640625 0.1328125 0.1078125
0 0.503125 0.45390625 0.1203125 0.10625
0 0.5703125 0.33984375 0.05 0.040625
0 0.61953125 0.34375 0.065625 0.0484375
0 0.67421875 0.359375 0.1328125 0.1078125
0 0.73515625 0.375 0.034375 0.0390625
0 0.69921875 0.39609375 0.0640625 0.040625
0 0.6453125 0.4171875 0.0609375 0.053125
0 0.590625 0.46484375 0.0296875 0.0390625
0 0.66640625 0.4515625 0.0515625 0.04375
0 0.6828125 0.4640625 0.0484375 0.0375
0 0.69375 0.428125 0.0625 0.0515625
0 0.72265625 0.4125 0.0328125 0.0359375
0 0.64140625 0.4828125 0.0484375 0.040625
0 0.6140625 0.4859375 0.01875 0.0234375
0 0.6171875 0.45703125 0.059375 0.05
0 0.60078125 0.4375 0.0453125 0.03125
0 0.5734375 0.396875 0.125 0.10625
0 0.57265625 0.44296875 0.040625 0.021875
0 0.525 0.4921875 0.115625 0.0796875
0 0.33515625 0.54140625 0.1109375 0.0921875
0 0.4 0.50234375 0.125 0.1046875
0 0.503125 0.53984375 0.06875 0.0796875
0 0.44296875 0.54140625 0.1171875 0.0921875
0 0.47890625 0.60234375 0.1171875 0.0953125
0 0.403125 0.64296875 0.1046875 0.0890625
0 0.31953125 0.628125 0.1203125 0.096875
0 0.29375 0.61328125 0.0734375 0.059375
0 0.37265625 0.58515625 0.0953125 0.065625
0 0.30546875 0.68671875 0.06875 0.0671875
0 0.44296875 0.665625 0.096875 0.071875
0 0.45625 0.69140625 0.103125 0.0703125
0 0.33828125 0.8109375 0.09375 0.0796875
0 0.37265625 0.86015625 0.075 0.0625
0 0.4265625 0.86875 0.0859375 0.075
0 0.46484375 0.86328125 0.0515625 0.0578125
0 0.47109375 0.71640625 0.071875 0.0453125
0 0.33984375 0.74296875 0.1046875 0.0859375
0 0.47265625 0.75859375 0.0859375 0.0859375
0 0.41640625 0.740625 0.0390625 0.0265625