0 0.42890625 0.26484375 0.065625 0.05625
0 0.49296875 0.26953125 0.0421875 0.0296875
0 0.46484375 0.2546875 0.0296875 0.021875
0 0.478125 0.2984375 0.0765625 0.059375
0 0.42890625 0.29453125 0.0484375 0.03125
0 0.98828125 0.57109375 0.0234375 0.0328125
0 0.99453125 0.58515625 0.009375 0.0203125
0 0.97734375 0.59921875 0.0375 0.0390625
0 0.93984375 0.62265625 0.0328125 0.028125
0 0.95 0.64453125 0.046875 0.040625
0 0.97890625 0.625 0.0171875 0.0265625
0 0.9640625 0.61953125 0.0328125 0.03125
0 0.96171875 0.63828125 0.0234375 0.01875
0 0.96953125 0.65546875 0.0140625 0.0140625
0 0.85390625 0.465625 0.0265625 0.025
0 0.83671875 0.54921875 0.01875 0.015625
0 0.83203125 0.55078125 0.0171875 0.0140625
0 0.859375 0.5703125 0.01875 0.0171875
0 0.88125 0.5765625 0.0203125 0.0171875
0 0.87734375 0.60625 0.0171875 0.0140625
0 0.85390625 0.63203125 0.01875 0.015625
0 0.59609375 0.546875 0.103125 0.090625
0 0.55390625 0.5546875 0.0390625 0.0375
0 0.8015625 0.65 0.121875 0.1078125
0 0.79375 0.69609375 0.078125 0.05625
0 0.72578125 0.64375 0.10625 0.103125
0 0.67578125 0.6109375 0.0953125 0.0859375
0 0.5921875 0.6140625 0.1078125 0.096875
0 0.528125 0.5984375 0.0984375 0.09375
0 0.47890625 0.59375 0.021875 0.01875
0 0.48359375 0.6078125 0.021875 0.025
0 0.49140625 0.6375 0.0296875 0.0234375
0 0.56953125 0.64375 0.028125 0.0203125
0 0.54765625 0.6390625 0.025 0.01875
0 0.52421875 0.63828125 0.028125 0.0171875
0 0.50859375 0.63046875 0.015625 0.0125
0 0.496875 0.6203125 0.0203125 0.01875
0 0.5296875 0.6546875 0.034375 0.028125
0 0.50859375 0.64375 0.0234375 0.0203125
0 0.478125 0.62265625 0.01875 0.0171875
0 0.759375 0.71875 0.134375 0.115625
0 0.7734375 0.76875 0.096875 0.084375
0 0.6484375 0.68984375 0.1375 0.11875
0 0.6828125 0.76875 0.134375 0.1234375
0 0.678125 0.828125 0.0765625 0.0640625
0 0.59609375 0.81796875 0.1375 0.121875
0 0.58515625 0.7265625 0.121875 0.115625
0 0.49296875 0.69453125 0.1484375 0.125
0 0.48203125 0.75703125 0.13125 0.0953125
0 0.365625 0.6875 0.1578125 0.1421875
0 0.36171875 0.73984375 0.1328125 0.1046875
0 0.33828125 0.63046875 0.1390625 0.1140625
0 0.07734375 0.33984375 0.0546875 0.04375
0 0.05625 0.378125 0.096875 0.090625
0 0.03671875 0.42890625 0.0734375 0.0671875
0 0.05 0.47734375 0.1 0.0859375
0 0.009375 0.45859375 0.01875 0.0734375
0 0.0984375 0.4765625 0.015625 0.0140625
0 0.24140625 0.51328125 0.090625 0.0703125
0 0.2859375 0.52421875 0.0234375 0.0125
0 0.2875 0.56953125 0.0921875 0.0796875
0 0.20625 0.5578125 0.096875 0.078125
0 0.16875 0.5296875 0.0640625 0.059375
0 0.10078125 0.5234375 0.1078125 0.0828125
0 0.02421875 0.515625 0.0484375 0.084375
0 0.0359375 0.54296875 0.071875 0.0671875
0 0.13671875 0.56875 0.0828125 0.0703125
0 0.228125 0.60234375 0.0453125 0.04375
0 0.26328125 0.61875 0.0734375 0.06875
0 0.18515625 0.60234375 0.0921875 0.078125
0 0.07265625 0.57109375 0.096875 0.078125
0 0.02265625 0.5796875 0.0453125 0.084375
0 0.21796875 0.6953125 0.0625 0.059375
0 0.221875 0.64921875 0.0921875 0.0828125
0 0.18203125 0.66484375 0.075 0.0828125
0 0.134375 0.63515625 0.103125 0.0890625
0 0.05234375 0.62890625 0.1046875 0.0984375
0 0.171875 0.7140625 0.0390625 0.040625
0 0.13515625 0.69375 0.08125 0.0671875
0 0.06171875 0.6859375 0.0984375 0.0859375
0 0.0203125 0.66015625 0.040625 0.0890625
0 0.121875 0.73984375 0.0859375 0.071875
0 0.06328125 0.7359375 0.084375 0.0625
0 0.01953125 0.70625 0.0390625 0.053125
0 0.0203125 0.7390625 0.040625 0.05625
0 0.1234375 0.784375 0.0921875 0.0765625
0 0.05546875 0.7734375 0.08125 0.0671875
0 0.02265625 0.77421875 0.0453125 0.0765625
0 0.12421875 0.82265625 0.090625 0.0734375
0 0.04765625 0.825 0.0953125 0.0828125
0 0.02265625 0.83125 0.0453125 0.075
0 0.00703125 0.859375 0.0140625 0.028125
0 0.0765625 0.8796875 0.0546875 0.0390625
0 0.07578125 0.85234375 0.1 0.0703125
0 0.04296875 0.86796875 0.071875 0.046875