0 0.35546875 0.275 0.2234375 0.1359375
0 0.3265625 0.33125 0.1421875 0.1015625
0 0.14765625 0.459375 0.1375 0.13125
0 0.090625 0.484375 0.06875 0.075
0 0.496875 0.35 0.1984375 0.1359375
0 0.45234375 0.39140625 0.1640625 0.13125
0 0.59765625 0.428125 0.165625 0.1140625
0 0.39453125 0.5 0.16875 0.18125
0 0.28515625 0.49921875 0.11875 0.10625
0 0.2484375 0.54453125 0.134375 0.1015625
0 0.203125 0.5 0.10625 0.1125
0 0.13359375 0.553125 0.090625 0.0828125
0 0.25234375 0.61484375 0.1359375 0.1125
0 0.31484375 0.68203125 0.1328125 0.10625
0 0.49140625 0.46328125 0.0875 0.0671875
0 0.63828125 0.4984375 0.128125 0.0828125
0 0.54453125 0.509375 0.090625 0.0546875
0 0.61875 0.5546875 0.178125 0.1140625
0 0.53125 0.6390625 0.1671875 0.121875
0 0.40625 0.7125 0.1375 0.1515625
0 0.47734375 0.56796875 0.171875 0.1328125
0 0.309375 0.40703125 0.1234375 0.09375
0 0.62109375 0.7078125 0.153125 0.10625
0 0.546875 0.73671875 0.1765625 0.1359375
0 0.284375 0.76328125 0.1640625 0.125
0 0.23125 0.73359375 0.0796875 0.0703125
0 0.24609375 0.6796875 0.0765625 0.0578125
0 0.18828125 0.65546875 0.06875 0.075
0 0.6109375 0.7796875 0.109375 0.0875
0 0.64375 0.8453125 0.0640625 0.08125
0 0.5609375 0.8296875 0.1359375 0.1234375
0 0.51875 0.9015625 0.125 0.10625
0 0.46953125 0.803125 0.1265625 0.1203125
0 0.29375 0.84140625 0.190625 0.11875
0 0.4109375 0.89296875 0.153125 0.16875
0 0.27109375 0.95859375 0.1171875 0.0828125
0 0.32109375 0.93671875 0.1171875 0.1265625
0 0.334375 0.98046875 0.134375 0.0390625
0 0.60703125 0.646875 0.1234375 0.115625
0 0.4171875 0.96953125 0.125 0.0609375
0 0.53671875 0.959375 0.1265625 0.08125
0 0.60703125 0.959375 0.103125 0.075
0 0.6109375 0.90234375 0.096875 0.09375
0 0.90078125 0.4140625 0.1046875 0.090625
0 0.80390625 0.396875 0.08125 0.05625
0 0.96875 0.56328125 0.0625 0.1015625
0 0.8234375 0.5390625 0.0953125 0.1
0 0.88984375 0.515625 0.08125 0.065625
0 0.82734375 0.43046875 0.0703125 0.0578125
0 0.75625 0.43046875 0.0875 0.0671875
0 0.8390625 0.46171875 0.1125 0.0984375
0 0.7671875 0.49921875 0.08125 0.0671875
0 0.75703125 0.5625 0.0984375 0.084375
0 0.85390625 0.575 0.0796875 0.0765625
0 0.9125 0.590625 0.115625 0.1265625
0 0.95625 0.61328125 0.0875 0.1140625
0 0.878125 0.64921875 0.1109375 0.0859375
0 0.9703125 0.45546875 0.059375 0.04375
0 0.98515625 0.4828125 0.0296875 0.0375
0 0.9890625 0.43984375 0.021875 0.0484375
0 0.95703125 0.70078125 0.0859375 0.0921875
0 0.92578125 0.72890625 0.08125 0.0953125
0 0.79609375 0.70078125 0.115625 0.1015625
0 0.809375 0.63671875 0.084375 0.0703125
0 0.9859375 0.77890625 0.028125 0.0796875
0 0.85390625 0.73046875 0.1109375 0.084375
0 0.87578125 0.76953125 0.053125 0.040625
0 0.81171875 0.77734375 0.09375 0.06875
0 0.7359375 0.7375 0.0765625 0.0828125
0 0.69375 0.78203125 0.0828125 0.0984375
0 0.71875 0.86953125 0.1 0.0953125
0 0.86953125 0.82421875 0.0921875 0.0796875
0 0.8 0.8328125 0.0859375 0.06875
0 0.7484375 0.803125 0.0703125 0.0640625
0 0.98046875 0.8515625 0.0390625 0.128125
0 0.95390625 0.8578125 0.0921875 0.115625
0 0.85546875 0.88125 0.08125 0.078125
0 0.803125 0.88203125 0.0921875 0.075
0 0.72265625 0.93984375 0.0828125 0.065625
0 0.796875 0.91953125 0.1140625 0.08125
0 0.66953125 0.95390625 0.1203125 0.0640625
0 0.9140625 0.896875 0.071875 0.05625
0 0.90703125 0.915625 0.125 0.05