0 0.32421875 0.46484375 0.0328125 0.021875
0 0.315625 0.48671875 0.0375 0.0328125
0 0.296875 0.53046875 0.0515625 0.05
0 0.30390625 0.50078125 0.046875 0.0390625
0 0.34140625 0.4796875 0.040625 0.0390625
0 0.37734375 0.46328125 0.0453125 0.034375
0 0.43359375 0.4578125 0.034375 0.025
0 0.44375 0.47578125 0.0265625 0.028125
0 0.24453125 0.503125 0.0953125 0.08125
0 0.2046875 0.54921875 0.0796875 0.078125
0 0.12109375 0.5359375 0.046875 0.0546875
0 0.1390625 0.53671875 0.0640625 0.0703125
0 0.1890625 0.59375 0.0890625 0.06875
0 0.37265625 0.5171875 0.1015625 0.0890625
0 0.39609375 0.48359375 0.01875 0.0171875
0 0.50703125 0.5 0.0703125 0.0640625
0 0.44765625 0.528125 0.1265625 0.1109375
0 0.38125 0.5875 0.1359375 0.11875
0 0.3375 0.5921875 0.078125 0.0890625
0 0.27578125 0.6140625 0.13125 0.115625
0 0.2046875 0.6140625 0.09375 0.084375
0 0.815625 0.54453125 0.0703125 0.065625
0 0.578125 0.48203125 0.1140625 0.096875
0 0.609375 0.50859375 0.078125 0.065625
0 0.65625 0.55546875 0.128125 0.1125
0 0.79375 0.56796875 0.0921875 0.0796875
0 0.53515625 0.5390625 0.128125 0.0921875
0 0.559375 0.59453125 0.1625 0.1359375
0 0.43671875 0.6421875 0.1515625 0.13125
0 0.33671875 0.64296875 0.084375 0.0578125
0 0.18359375 0.6546875 0.046875 0.0625
0 0.11640625 0.77421875 0.096875 0.08125
0 0.1421875 0.71171875 0.1 0.090625
0 0.08671875 0.77109375 0.0625 0.06875
0 0.2046875 0.76015625 0.1015625 0.0875
0 0.14609375 0.79609375 0.09375 0.084375
0 0.09375 0.81015625 0.0421875 0.0359375
0 0.10703125 0.83203125 0.053125 0.0421875
0 0.09375 0.83671875 0.0296875 0.0421875
0 0.13359375 0.8640625 0.0953125 0.090625
0 0.11875 0.87890625 0.059375 0.075
0 0.21171875 0.85078125 0.1078125 0.09375
0 0.23671875 0.80625 0.08125 0.071875
0 0.29609375 0.80078125 0.0703125 0.0671875
0 0.2921875 0.85859375 0.0765625 0.0765625
0 0.2375 0.70703125 0.15 0.125
0 0.334375 0.715625 0.128125 0.115625
0 0.303125 0.765625 0.0890625 0.0921875
0 0.73203125 0.60625 0.134375 0.11875
0 0.6296875 0.65 0.1421875 0.1203125
0 0.71328125 0.69296875 0.1421875 0.121875
0 0.64296875 0.7 0.0234375 0.028125
0 0.5828125 0.69140625 0.13125 0.125
0 0.50859375 0.703125 0.1515625 0.13125
0 0.3859375 0.7265625 0.153125 0.13125
0 0.36875 0.7890625 0.1109375 0.0921875
0 0.84609375 0.6046875 0.09375 0.078125
0 0.7828125 0.65 0.103125 0.0890625
0 0.66796875 0.7234375 0.059375 0.071875
0 0.60078125 0.7453125 0.11875 0.09375
0 0.48515625 0.77265625 0.1578125 0.1390625
0 0.55078125 0.7796875 0.053125 0.0484375
0 0.36015625 0.8375 0.1328125 0.1125
0 0.43125 0.8125 0.0328125 0.034375
0 0.4296875 0.83359375 0.0546875 0.0546875
0 0.48359375 0.8484375 0.1234375 0.103125
0 0.55859375 0.81640625 0.0703125 0.065625
0 0.625 0.7828125 0.1140625 0.090625
0 0.85703125 0.6421875 0.0671875 0.0515625
0 0.77734375 0.71171875 0.0765625 0.0671875
0 0.84296875 0.690625 0.0890625 0.0890625
0 0.80625 0.7328125 0.0859375 0.0578125
0 0.7359375 0.7734375 0.0921875 0.0796875
0 0.6734375 0.78125 0.0578125 0.05
0 0.70390625 0.82890625 0.11875 0.10625
0 0.790625 0.7703125 0.0890625 0.0859375
0 0.85546875 0.7625 0.078125 0.071875
0 0.878125 0.7828125 0.0421875 0.0265625
0 0.73203125 0.86640625 0.05 0.046875
0 0.7140625 0.8859375 0.015625 0.0171875
0 0.65859375 0.86875 0.140625 0.1234375
0 0.553125 0.8984375 0.1359375 0.1234375
0 0.484375 0.915625 0.0875 0.090625
0 0.590625 0.9359375 0.1078125 0.0828125
0 0.69375 0.93046875 0.1140625 0.0890625
0 0.61796875 0.9703125 0.1 0.059375
0 0.56171875 0.965625 0.0625 0.0546875
0 0.5234375 0.95703125 0.0453125 0.040625
0 0.61875 0.828125 0.0859375 0.065625
0 0.43984375 0.878125 0.0625 0.071875
0 0.38671875 0.8984375 0.1015625 0.0859375
0 0.36640625 0.9234375 0.05625 0.053125
0 0.29765625 0.903125 0.0609375 0.0515625
0 0.48203125 0.9640625 0.0546875 0.0515625
0 0.4546875 0.97578125 0.1 0.0484375
0 0.43359375 0.93515625 0.0890625 0.078125
0 0.41796875 0.95703125 0.084375 0.075
0 0.35390625 0.96875 0.1046875 0.0625
0 0.30234375 0.978125 0.0703125 0.04375
0 0.3 0.946875 0.0703125 0.059375
0 0.240625 0.9625 0.0734375 0.0640625
0 0.2265625 0.90703125 0.0453125 0.053125
0 0.18203125 0.98125 0.0984375 0.0375
0 0.175 0.93828125 0.1140625 0.1015625
0 0.134375 0.921875 0.0421875 0.0375
0 0.26171875 0.5484375 0.0796875 0.06875
0 0.984375 0.6125 0.03125 0.01875
0 0.975 0.584375 0.05 0.05625
0 0.96015625 0.56953125 0.0796875 0.0578125
0 0.9375 0.58671875 0.0234375 0.0234375
0 0.9140625 0.59453125 0.05 0.0421875
0 0.9390625 0.6171875 0.0609375 0.04375
0 0.89453125 0.61953125 0.0390625 0.04375
0 0.92578125 0.4359375 0.040625 0.034375
0 0.84921875 0.490625 0.025 0.0171875
0 0.82109375 0.50625 0.025 0.01875
0 0.9109375 0.55703125 0.021875 0.01875