0 0.2640625 0.49296875 0.196875 0.2
0 0.2671875 0.68828125 0.253125 0.2453125
0 0.446875 0.640625 0.2125 0.2671875
0 0.43671875 0.4546875 0.221875 0.20625
0 0.5625 0.38828125 0.1609375 0.1328125
0 0.56953125 0.5875 0.153125 0.1921875
0 0.63828125 0.5078125 0.184375 0.175
0 0.6796875 0.61484375 0.1375 0.1421875
0 0.65078125 0.7265625 0.1625 0.175
0 0.47109375 0.765625 0.1125 0.071875
0 0.7890625 0.53203125 0.178125 0.20625
0 0.69296875 0.4 0.228125 0.165625
0 0.86640625 0.46796875 0.2015625 0.1734375
0 0.8796875 0.56953125 0.1046875 0.1296875
0 0.86015625 0.640625 0.096875 0.078125
0 0.39140625 0.88046875 0.1140625 0.1015625
0 0.35625 0.78515625 0.125 0.128125
0 0.28515625 0.78125 0.0703125 0.0515625
0 0.546875 0.76640625 0.14375 0.203125
0 0.471875 0.86328125 0.0828125 0.071875
0 0.75390625 0.63125 0.0875 0.096875
0 0.81796875 0.73125 0.06875 0.0546875
0 0.85 0.7640625 0.0390625 0.0421875
0 0.91875 0.740625 0.059375 0.0828125
0 0.96875 0.7328125 0.0625 0.0625
0 0.87109375 0.73515625 0.05625 0.0640625
0 0.9484375 0.67421875 0.0671875 0.0890625
0 0.934375 0.6046875 0.059375 0.0546875
0 0.975 0.609375 0.05 0.084375
0 0.98359375 0.66484375 0.0328125 0.0703125
0 0.97109375 0.51328125 0.0578125 0.0796875
0 0.9796875 0.4734375 0.040625 0.065625
0 0.97109375 0.37890625 0.0359375 0.040625
0 0.97109375 0.41875 0.053125 0.053125