0 0.7078125 0.3890625 0.1875 0.1921875
0 0.73828125 0.596875 0.24375 0.2328125
0 0.5390625 0.5765625 0.1921875 0.265625
0 0.51875 0.37734375 0.2140625 0.1953125
0 0.37421875 0.328125 0.159375 0.121875
0 0.39921875 0.53984375 0.1375 0.190625
0 0.3140625 0.46796875 0.178125 0.165625
0 0.28828125 0.5875 0.13125 0.1359375
0 0.3375 0.7015625 0.1515625 0.16875
0 0.53515625 0.7125 0.115625 0.0609375
0 0.1578125 0.51875 0.165625 0.203125
0 0.2375 0.3625 0.228125 0.1453125
0 0.0828125 0.46328125 0.165625 0.1578125
0 0.06796875 0.5734375 0.09375 0.128125
0 0.1015625 0.64609375 0.096875 0.071875
0 0.63828125 0.8203125 0.1109375 0.09375
0 0.65859375 0.7140625 0.1171875 0.1234375
0 0.734375 0.6984375 0.0703125 0.0453125
0 0.4546875 0.7265625 0.1265625 0.2046875
0 0.55078125 0.8171875 0.08125 0.0671875
0 0.2125 0.61796875 0.0828125 0.0953125
0 0.1609375 0.734375 0.0671875 0.05
0 0.13125 0.77421875 0.0375 0.040625
0 0.05546875 0.76171875 0.0515625 0.0828125
0 0.015625 0.7609375 0.03125 0.059375
0 0.10625 0.7484375 0.0515625 0.0625
0 0.021875 0.69609375 0.04375 0.0890625
0 0.02265625 0.61953125 0.0453125 0.0515625