0 0.384375 0.7734375 0.10625 0.090625
0 0.2765625 0.71328125 0.1171875 0.0984375
0 0.29453125 0.75390625 0.1171875 0.0984375
0 0.29453125 0.63125 0.125 0.1078125
0 0.38984375 0.6703125 0.121875 0.103125
0 0.38046875 0.7109375 0.1109375 0.071875
0 0.2609375 0.56875 0.1125 0.0859375
0 0.4484375 0.6296875 0.059375 0.040625
0 0.3953125 0.58359375 0.1453125 0.1203125
0 0.10625 0.496875 0.09375 0.0828125
0 0.1921875 0.5078125 0.1296875 0.0984375
0 0.25625 0.49609375 0.0625 0.05625
0 0.31015625 0.56328125 0.0625 0.0578125
0 0.3328125 0.5515625 0.0453125 0.0328125
0 0.49609375 0.60390625 0.0984375 0.0828125
0 0.12109375 0.428125 0.1109375 0.103125
0 0.2109375 0.4453125 0.1234375 0.0984375
0 0.2953125 0.18984375 0.128125 0.1125
0 0.396875 0.25703125 0.134375 0.1
0 0.41640625 0.159375 0.1328125 0.109375
0 0.51640625 0.209375 0.1484375 0.1109375
0 0.53671875 0.17734375 0.121875 0.075
0 0.69609375 0.1390625 0.1359375 0.1078125
0 0.64765625 0.27578125 0.15625 0.125
0 0.6078125 0.3609375 0.1421875 0.1125
0 0.5203125 0.2984375 0.153125 0.1203125
0 0.390625 0.37578125 0.1484375 0.1234375
0 0.1515625 0.3484375 0.13125 0.09375
0 0.23046875 0.28515625 0.1078125 0.0875
0 0.25078125 0.23125 0.0953125 0.0578125
0 0.30234375 0.28359375 0.1 0.09375
0 0.33984375 0.31875 0.0921875 0.0859375
0 0.415625 0.32890625 0.1109375 0.06875
0 0.553125 0.44375 0.1671875 0.134375
0 0.496875 0.39921875 0.1125 0.1109375
0 0.7171875 0.3984375 0.14375 0.1234375
0 0.746875 0.3171875 0.121875 0.09375
0 0.95078125 0.35546875 0.0984375 0.1328125
0 0.88828125 0.43203125 0.1359375 0.1078125
0 0.88359375 0.290625 0.1671875 0.125
0 0.91796875 0.203125 0.1359375 0.1046875
0 0.9375 0.6 0.1171875 0.109375
0 0.97421875 0.4421875 0.0515625 0.1
0 0.6390625 0.58125 0.1328125 0.1109375
0 0.73203125 0.628125 0.1109375 0.0953125
0 0.86640625 0.73046875 0.1421875 0.11875
0 0.9359375 0.6734375 0.0921875 0.0828125
0 0.93828125 0.50390625 0.1234375 0.10625
0 0.83203125 0.49609375 0.11875 0.0984375
0 0.87890625 0.571875 0.1125 0.0984375
0 0.8703125 0.63203125 0.0703125 0.059375
0 0.58515625 0.6203125 0.1078125 0.1
0 0.640625 0.4875 0.1359375 0.1265625
0 0.37421875 0.496875 0.1578125 0.11875
0 0.478125 0.5546875 0.121875 0.1140625
0 0.46875 0.490625 0.121875 0.08125
0 0.7890625 0.41328125 0.0953125 0.1
0 0.3234375 0.39921875 0.146875 0.1078125
0 0.2609375 0.36640625 0.10625 0.1
0 0.72890625 0.5234375 0.0921875 0.109375
0 0.78203125 0.5453125 0.0609375 0.0828125
0 0.3125 0.4890625 0.1203125 0.1171875
0 0.56015625 0.5328125 0.09375 0.075
0 0.7375 0.4640625 0.0671875 0.0375
0 0.896875 0.11640625 0.14375 0.1171875
0 0.7890625 0.1125 0.109375 0.0734375
0 0.77109375 0.0609375 0.1234375 0.0609375
0 0.9703125 0.09921875 0.059375 0.0578125
0 0.7984375 0.18984375 0.115625 0.096875
0 0.640625 0.19140625 0.1109375 0.0796875
0 0.7984375 0.2640625 0.08125 0.078125
0 0.71171875 0.23359375 0.121875 0.0984375
0 0.3640625 0.21640625 0.071875 0.06875
0 0.43046875 0.209375 0.05625 0.0453125
0 0.86875 0.3515625 0.090625 0.05
0 0.96640625 0.16875 0.0671875 0.125