0 0.95234375 0.50703125 0.0234375 0.01875
0 0.94296875 0.51640625 0.025 0.0171875
0 0.95859375 0.5328125 0.0140625 0.0125
0 0.9453125 0.5296875 0.0234375 0.01875
0 0.95859375 0.5453125 0.0234375 0.01875
0 0.96640625 0.56171875 0.0234375 0.01875
0 0.9671875 0.575 0.0203125 0.0171875
0 0.95 0.571875 0.021875 0.0203125
0 0.94140625 0.54765625 0.021875 0.01875
0 0.93125 0.53671875 0.0265625 0.021875
0 0.90234375 0.53359375 0.0296875 0.025
0 0.8671875 0.52109375 0.025 0.0203125
0 0.93671875 0.56875 0.0234375 0.01875
0 0.94140625 0.5828125 0.015625 0.0140625
0 0.9125 0.5625 0.028125 0.0234375
0 0.8890625 0.54375 0.0265625 0.0234375
0 0.92578125 0.55546875 0.0171875 0.015625
0 0.92734375 0.57890625 0.0234375 0.0203125
0 0.925 0.5890625 0.0140625 0.009375
0 0.8875 0.5703125 0.025 0.0203125
0 0.9078125 0.57421875 0.021875 0.015625
0 0.87109375 0.54921875 0.0265625 0.021875
0 0.85625 0.53671875 0.028125 0.0234375
0 0.82109375 0.55078125 0.0265625 0.0203125
0 0.86484375 0.565625 0.0265625 0.0203125
0 0.91171875 0.5890625 0.01875 0.0171875
0 0.89453125 0.5859375 0.028125 0.021875
0 0.86796875 0.57578125 0.021875 0.0140625
0 0.84453125 0.57578125 0.025 0.021875
0 0.8296875 0.57109375 0.0234375 0.0203125
0 0.84375 0.5609375 0.0265625 0.0203125
0 0.85 0.54921875 0.025 0.0171875
0 0.859375 0.5859375 0.0265625 0.021875
0 0.875 0.59765625 0.0265625 0.021875
0 0.8921875 0.59921875 0.01875 0.015625
0 0.88828125 0.60625 0.0125 0.0109375
0 0.8734375 0.61015625 0.01875 0.015625
0 0.8546875 0.60234375 0.025 0.0203125
0 0.83671875 0.5875 0.021875 0.015625
0 0.82890625 0.58359375 0.0140625 0.0125
0 0.84375 0.625 0.0234375 0.0171875
0 0.83828125 0.61328125 0.025 0.01875
0 0.86015625 0.61640625 0.025 0.021875
0 0.83828125 0.5984375 0.01875 0.015625
0 0.89609375 0.55234375 0.0234375 0.01875
0 0.9125 0.5421875 0.0234375 0.01875
0 0.9265625 0.52578125 0.021875 0.0171875
0 0.89140625 0.52109375 0.0234375 0.0203125
0 0.8515625 0.50859375 0.021875 0.0171875
0 0.8484375 0.52265625 0.0234375 0.01875
0 0.83515625 0.51953125 0.0171875 0.01875
0 0.815625 0.528125 0.0234375 0.0171875
0 0.825 0.53828125 0.0265625 0.01875
0 0.83828125 0.5359375 0.01875 0.0171875
0 0.81953125 0.5640625 0.0203125 0.0171875
0 0.33984375 0.51796875 0.015625 0.0140625
0 0.34921875 0.5203125 0.0109375 0.0125
0 0.3390625 0.503125 0.0171875 0.015625
0 0.384375 0.48671875 0.0171875 0.0171875
0 0.3421875 0.4890625 0.0171875 0.0125
0 0.35859375 0.49609375 0.01875 0.0140625
0 0.3578125 0.48984375 0.0203125 0.015625
0 0.36328125 0.4765625 0.015625 0.015625
0 0.371875 0.4859375 0.0140625 0.015625
0 0.34609375 0.48203125 0.0203125 0.0171875
0 0.39609375 0.47890625 0.0203125 0.0171875
0 0.36875 0.45546875 0.0171875 0.015625
0 0.36171875 0.43671875 0.01875 0.015625
0 0.34453125 0.43359375 0.01875 0.015625
0 0.37734375 0.44453125 0.01875 0.0171875
0 0.359375 0.4484375 0.0171875 0.0140625
0 0.33828125 0.43828125 0.0234375 0.015625
0 0.328125 0.440625 0.01875 0.0171875
0 0.35234375 0.46015625 0.0203125 0.0171875
0 0.328125 0.4703125 0.0203125 0.015625
0 0.3140625 0.45703125 0.0125 0.0125
0 0.32265625 0.45 0.01875 0.0140625
0 0.30390625 0.4578125 0.015625 0.0140625
0 0.27734375 0.4625 0.0234375 0.01875
0 0.2765625 0.47734375 0.0171875 0.015625
0 0.2625 0.4921875 0.0171875 0.0140625
0 0.26875 0.4859375 0.015625 0.0125
0 0.26171875 0.47578125 0.0171875 0.0109375
0 0.26875 0.45 0.0203125 0.0171875
0 0.26171875 0.465625 0.0265625 0.0203125
0 0.27734375 0.44296875 0.01875 0.0140625
0 0.26171875 0.4515625 0.015625 0.0140625
0 0.2875 0.4546875 0.0203125 0.0171875
0 0.278125 0.4875 0.0078125 0.009375
0 0.159375 0.46640625 0.009375 0.009375
0 0.153125 0.4640625 0.0078125 0.0078125
0 0.315625 0.46328125 0.0125 0.00625
0 0.32734375 0.45859375 0.01875 0.015625
0 0.3453125 0.46875 0.0171875 0.0140625
0 0.36015625 0.46484375 0.0140625 0.0125
0 0.24140625 0.3859375 0.0125 0.0140625
0 0.23203125 0.38359375 0.0125 0.0125
0 0.215625 0.38984375 0.0234375 0.01875
0 0.215625 0.40234375 0.0203125 0.0171875
0 0.23359375 0.3328125 0.0171875 0.015625
0 0.22265625 0.33828125 0.015625 0.0125
0 0.225 0.3671875 0.0171875 0.0140625
0 0.20234375 0.36484375 0.0125 0.0109375
0 0.2015625 0.3734375 0.009375 0.009375
0 0.2265625 0.35 0.01875 0.015625
0 0.21953125 0.353125 0.0140625 0.0109375
0 0.18828125 0.3703125 0.009375 0.009375
0 0.18203125 0.3828125 0.009375 0.009375
0 0.2 0.4 0.0109375 0.009375
0 0.19453125 0.40546875 0.0125 0.0109375
0 0.171875 0.3765625 0.009375 0.0078125
0 0.1734375 0.346875 0.0234375 0.01875
0 0.1765625 0.4 0.009375 0.0078125
0 0.2109375 0.371875 0.0109375 0.009375
0 0.1828125 0.3125 0.0140625 0.015625
0 0.171875 0.30859375 0.0203125 0.01875
0 0.19921875 0.2953125 0.0109375 0.0125
0 0.0921875 0.3875 0.025 0.01875
0 0.20859375 0.35703125 0.0109375 0.0078125
0 0.16484375 0.359375 0.0109375 0.0125
0 0.1640625 0.35234375 0.0125 0.0140625
0 0.16328125 0.328125 0.01875 0.015625
0 0.16953125 0.334375 0.0140625 0.015625
0 0.009375 0.5203125 0.01875 0.06875
0 0.01875 0.46875 0.0375 0.0375
0 0.03046875 0.44296875 0.0609375 0.0546875
0 0.07734375 0.4359375 0.0609375 0.0625
0 0.0375 0.4046875 0.071875 0.0734375
0 0.10859375 0.35234375 0.0796875 0.0734375
0 0.0546875 0.34375 0.071875 0.0703125
0 0.05703125 0.2890625 0.0453125 0.05625
0 0.19140625 0.3953125 0.0109375 0.0109375
0 0.17734375 0.39140625 0.0078125 0.00625
0 0.20546875 0.3828125 0.009375 0.0078125
0 0.18515625 0.375 0.009375 0.0078125
0 0.2109375 0.35078125 0.0109375 0.009375
0 0.4640625 0.3046875 0.09375 0.071875
0 0.47578125 0.346875 0.109375 0.09375
0 0.7515625 0.43125 0.1203125 0.1
0 0.675 0.4359375 0.096875 0.0890625
0 0.5953125 0.425 0.09375 0.0953125
0 0.5734375 0.36328125 0.125 0.109375
0 0.50234375 0.42265625 0.1328125 0.1171875
0 0.45546875 0.39375 0.0390625 0.0421875
0 0.41796875 0.3875 0.065625 0.0484375
0 0.41484375 0.41640625 0.090625 0.0765625
0 0.421875 0.4484375 0.040625 0.0296875
0 0.44765625 0.45703125 0.046875 0.0453125
0 0.4765625 0.49921875 0.11875 0.096875
0 0.4375 0.525 0.09375 0.0765625
0 0.46953125 0.58125 0.078125 0.0609375
0 0.5484375 0.628125 0.03125 0.025
0 0.55625 0.60078125 0.0203125 0.015625
0 0.5375 0.61015625 0.028125 0.0234375
0 0.55625 0.6140625 0.01875 0.0171875
0 0.56640625 0.6078125 0.015625 0.0109375
0 0.51640625 0.73203125 0.1171875 0.1046875
0 0.44609375 0.6875 0.1 0.084375
0 0.42890625 0.62734375 0.103125 0.0890625
0 0.56875 0.6875 0.08125 0.0859375
0 0.5109375 0.6546875 0.1109375 0.096875
0 0.60546875 0.5828125 0.1046875 0.096875
0 0.5203125 0.559375 0.125 0.1078125
0 0.58359375 0.4921875 0.109375 0.0953125
0 0.61640625 0.534375 0.059375 0.046875
0 0.6625 0.49921875 0.0921875 0.0828125
0 0.35390625 0.50703125 0.0171875 0.0140625
0 0.740625 0.540625 0.121875 0.10625
0 0.7921875 0.490625 0.1125 0.0875
0 0.65546875 0.53203125 0.0203125 0.0125
0 0.659375 0.5421875 0.0234375 0.0203125
0 0.678125 0.546875 0.01875 0.015625
0 0.6859375 0.56953125 0.0203125 0.0171875
0 0.68203125 0.55859375 0.015625 0.015625
0 0.66640625 0.55546875 0.0234375 0.01875
0 0.6796875 0.5765625 0.0234375 0.021875
0 0.6671875 0.56640625 0.01875 0.0140625
0 0.675 0.590625 0.0203125 0.01875
0 0.66796875 0.59765625 0.015625 0.0140625
0 0.65625 0.58984375 0.0171875 0.015625