0 0.521875 0.14375 0.1484375 0.140625
0 0.76953125 0.24453125 0.1390625 0.1375
0 0.884375 0.29921875 0.209375 0.20625
0 0.83125 0.196875 0.0984375 0.071875
0 0.88828125 0.3859375 0.1921875 0.15
0 0.89765625 0.459375 0.2046875 0.165625
0 0.3953125 0.8546875 0.1171875 0.128125
0 0.41171875 0.8953125 0.075 0.0734375
0 0.553125 0.83046875 0.103125 0.0984375
0 0.32734375 0.8015625 0.0921875 0.0703125
0 0.36796875 0.76875 0.09375 0.090625
0 0.46640625 0.778125 0.1734375 0.228125
0 0.5609375 0.78515625 0.090625 0.08125
0 0.35546875 0.71484375 0.19375 0.2
0 0.328125 0.6609375 0.1234375 0.128125
0 0.55390625 0.72578125 0.134375 0.121875
0 0.634375 0.765625 0.0859375 0.0765625
0 0.49375 0.6453125 0.103125 0.121875
0 0.59296875 0.65546875 0.1421875 0.11875
0 0.44765625 0.5859375 0.18125 0.2
0 0.3671875 0.53828125 0.121875 0.1484375
0 0.6078125 0.59609375 0.1265625 0.125
0 0.6703125 0.66640625 0.1015625 0.1
0 0.62734375 0.725 0.103125 0.096875
0 0.6828125 0.60078125 0.0984375 0.0921875
0 0.6453125 0.525 0.165625 0.134375
0 0.32578125 0.44921875 0.1984375 0.1328125
0 0.51015625 0.46796875 0.153125 0.1640625
0 0.6234375 0.4359375 0.15625 0.140625
0 0.71875 0.45625 0.1546875 0.128125
0 0.75078125 0.471875 0.1609375 0.1828125
0 0.246875 0.2703125 0.1828125 0.1421875
0 0.3671875 0.3171875 0.171875 0.1984375
0 0.2890625 0.2140625 0.1921875 0.165625
0 0.40546875 0.15078125 0.1203125 0.0984375
0 0.4171875 0.19609375 0.1609375 0.134375
0 0.65546875 0.18984375 0.15625 0.1265625
0 0.509375 0.321875 0.19375 0.1921875
0 0.41875 0.38125 0.171875 0.1421875
0 0.5703125 0.26640625 0.109375 0.1015625
0 0.6875 0.26015625 0.109375 0.109375
0 0.63203125 0.32109375 0.175 0.1703125
0 0.7609375 0.3640625 0.1734375 0.1828125
0 0.575 0.03125 0.0875 0.0625
0 0.3140625 0.01640625 0.06875 0.0328125
0 0.17421875 0.015625 0.0953125 0.03125
0 0.284375 0.053125 0.1125 0.10625
0 0.36796875 0.0375 0.0734375 0.075
0 0.1421875 0.121875 0.1015625 0.0921875
0 0.2046875 0.1390625 0.0796875 0.0859375
0 0.0859375 0.2125 0.0609375 0.0828125
0 0.0515625 0.4359375 0.0671875 0.0625
0 0.07578125 0.365625 0.0828125 0.078125
0 0.4296875 0.05546875 0.0734375 0.0703125
0 0.3953125 0.00859375 0.090625 0.0171875
0 0.4953125 0.06328125 0.08125 0.08125
0 0.51796875 0.01875 0.0578125 0.0375
0 0.46171875 0.0234375 0.0828125 0.046875
0 0.19765625 0.41171875 0.0578125 0.05625