0 0.42578125 0.25703125 0.084375 0.075
0 0.4609375 0.29453125 0.0765625 0.071875
0 0.53515625 0.2734375 0.071875 0.0609375
0 0.53046875 0.2953125 0.065625 0.0609375
0 0.5078125 0.32890625 0.05 0.0515625
0 0.3125 0.4171875 0.075 0.0703125
0 0.40390625 0.4 0.084375 0.075
0 0.48828125 0.40390625 0.08125 0.0703125
0 0.51875 0.38046875 0.078125 0.065625
0 0.58203125 0.3515625 0.0375 0.0375
0 0.61796875 0.3859375 0.0796875 0.0671875
0 0.28828125 0.4953125 0.109375 0.09375
0 0.434375 0.4296875 0.0671875 0.0640625
0 0.50390625 0.43671875 0.115625 0.096875
0 0.56171875 0.4125 0.0890625 0.08125
0 0.64765625 0.425 0.09375 0.0828125
0 0.67265625 0.409375 0.0796875 0.06875
0 0.43515625 0.47265625 0.0875 0.0734375
0 0.37890625 0.50859375 0.128125 0.109375
0 0.278125 0.55859375 0.078125 0.0671875
0 0.2640625 0.60703125 0.090625 0.0765625
0 0.2515625 0.58203125 0.0578125 0.05
0 0.31875 0.546875 0.0578125 0.053125
0 0.43125 0.49375 0.06875 0.0578125
0 0.4984375 0.4953125 0.1109375 0.0890625
0 0.60078125 0.47421875 0.0984375 0.084375
0 0.68984375 0.43359375 0.05625 0.05
0 0.65078125 0.478125 0.08125 0.075
0 0.67421875 0.46484375 0.0640625 0.0609375
0 0.35859375 0.57265625 0.1140625 0.1
0 0.453125 0.5453125 0.11875 0.103125
0 0.51015625 0.57890625 0.1171875 0.1046875
0 0.3234375 0.59296875 0.0625 0.0609375
0 0.425 0.5828125 0.0875 0.0703125
0 0.584375 0.509375 0.0765625 0.0671875
0 0.52109375 0.5140625 0.071875 0.0578125
0 0.62890625 0.5265625 0.071875 0.059375
0 0.653125 0.5078125 0.053125 0.04375
0 0.68671875 0.49140625 0.0453125 0.0390625
0 0.6859375 0.5140625 0.0671875 0.053125
0 0.73359375 0.52734375 0.0453125 0.0390625
0 0.6640625 0.5484375 0.06875 0.0625
0 0.68984375 0.55234375 0.0453125 0.0484375
0 0.29296875 0.66171875 0.1 0.0890625
0 0.3625 0.640625 0.115625 0.0984375
0 0.47265625 0.6328125 0.109375 0.090625
0 0.540625 0.63125 0.0953125 0.0859375
0 0.57578125 0.571875 0.071875 0.0609375
0 0.609375 0.609375 0.096875 0.08125
0 0.67109375 0.59609375 0.078125 0.06875
0 0.3578125 0.7015625 0.0828125 0.08125
0 0.4171875 0.6875 0.1046875 0.090625
0 0.43671875 0.73203125 0.109375 0.090625
0 0.5171875 0.703125 0.096875 0.0859375
0 0.578125 0.6640625 0.065625 0.059375
0 0.62734375 0.6484375 0.05625 0.0453125
0 0.665625 0.63046875 0.0671875 0.0453125
0 0.69921875 0.61015625 0.0390625 0.040625
0 0.6875 0.63515625 0.065625 0.0421875
0 0.57578125 0.690625 0.05625 0.0421875
0 0.63671875 0.6609375 0.059375 0.0390625
0 0.45390625 0.79453125 0.1125 0.0984375
0 0.4984375 0.753125 0.05 0.04375
0 0.540625 0.78359375 0.0984375 0.090625
0 0.53046875 0.74375 0.0484375 0.040625
0 0.59921875 0.7015625 0.0625 0.053125
0 0.64296875 0.696875 0.078125 0.06875
0 0.68671875 0.68515625 0.05625 0.0515625
0 0.61953125 0.72890625 0.046875 0.040625
0 0.65 0.73984375 0.0578125 0.053125
0 0.6921875 0.72265625 0.05625 0.0515625
0 0.69765625 0.709375 0.0453125 0.034375
0 0.38515625 0.7296875 0.0296875 0.0234375