0 0.46171875 0.9296875 0.1578125 0.140625
0 0.57109375 0.9625 0.1234375 0.075
0 0.73671875 0.48203125 0.1703125 0.1484375
0 0.6203125 0.98515625 0.0625 0.0296875
0 0.72890625 0.8078125 0.1203125 0.1
0 0.4921875 0.678125 0.178125 0.1921875
0 0.48359375 0.41796875 0.15625 0.1859375
0 0.475 0.81171875 0.125 0.125
0 0.6203125 0.8625 0.134375 0.1296875
0 0.6609375 0.9171875 0.19375 0.165625
0 0.6984375 0.8734375 0.0671875 0.06875
0 0.58671875 0.6734375 0.1734375 0.175
0 0.77265625 0.66640625 0.0921875 0.0890625
0 0.609375 0.43125 0.14375 0.1265625
0 0.3625 0.38984375 0.1625 0.1703125
0 0.54453125 0.784375 0.140625 0.1609375
0 0.6578125 0.73359375 0.1140625 0.096875
0 0.66171875 0.80078125 0.1578125 0.14375
0 0.8265625 0.47265625 0.0984375 0.096875
0 0.67890625 0.66953125 0.125 0.096875
0 0.40625 0.69765625 0.1484375 0.1609375
0 0.403125 0.86875 0.1734375 0.1671875
0 0.540625 0.91796875 0.16875 0.1640625
0 0.37578125 0.790625 0.1234375 0.10625
0 0.4859375 0.5546875 0.1984375 0.1390625
0 0.7734375 0.5609375 0.0765625 0.0875
0 0.57578125 0.5015625 0.175 0.1453125
0 0.6765625 0.5921875 0.1171875 0.084375
0 0.50703125 0.29296875 0.1421875 0.125
0 0.7390625 0.409375 0.1640625 0.1296875
0 0.5140625 0.159375 0.10625 0.10625
0 0.5984375 0.20546875 0.1203125 0.125
0 0.375 0.53046875 0.1515625 0.1421875
0 0.39921875 0.6109375 0.1296875 0.1125
0 0.3375 0.6078125 0.0828125 0.0796875
0 0.7 0.31640625 0.1109375 0.1015625
0 0.746875 0.23671875 0.1140625 0.09375
0 0.39140625 0.27265625 0.184375 0.153125
0 0.86484375 0.10078125 0.0578125 0.0328125
0 0.9578125 0.153125 0.0671875 0.065625
0 0.99140625 0.425 0.0171875 0.08125
0 0.959375 0.4046875 0.08125 0.0625
0 0.84921875 0.21328125 0.06875 0.0640625
0 0.90703125 0.23203125 0.0703125 0.059375
0 0.87890625 0.26953125 0.10625 0.08125
0 0.8390625 0.1484375 0.0828125 0.0984375
0 0.88828125 0.16796875 0.075 0.0828125
0 0.93125 0.22890625 0.0875 0.06875
0 0.93125 0.27578125 0.0765625 0.0671875
0 0.91953125 0.334375 0.0890625 0.084375
0 0.9390625 0.31640625 0.0390625 0.0359375
0 0.83125 0.415625 0.065625 0.0625
0 0.8390625 0.36953125 0.0703125 0.0625
0 0.86796875 0.31875 0.075 0.06875
0 0.81640625 0.24453125 0.0625 0.0734375
0 0.78359375 0.15546875 0.0875 0.0875
0 0.75859375 0.109375 0.09375 0.084375
0 0.8109375 0.09609375 0.071875 0.05625
0 0.334375 0.66796875 0.09375 0.0953125
0 0.45546875 0.759375 0.0796875 0.0703125
0 0.4 0.46640625 0.0875 0.0796875
0 0.44453125 0.334375 0.0921875 0.0765625
0 0.66796875 0.51484375 0.1203125 0.1171875
0 0.725 0.54453125 0.0640625 0.05
0 0.72578125 0.6765625 0.075 0.0734375
0 0.73359375 0.31796875 0.096875 0.10625
0 0.51953125 0.2125 0.1015625 0.10625
0 0.4171875 0.21953125 0.1 0.0921875
0 0.465625 0.165625 0.0890625 0.090625
0 0.4890625 0.12421875 0.04375 0.040625
0 0.71796875 0.1703125 0.0703125 0.071875
0 0.79453125 0.3421875 0.0703125 0.05625
0 0.79375 0.28046875 0.053125 0.0625
0 0.2734375 0.58125 0.0328125 0.0328125
0 0.13125 0.11015625 0.053125 0.04375
0 0.2078125 0.49296875 0.0375 0.040625
0 0.27578125 0.46171875 0.040625 0.0390625
0 0.15390625 0.28359375 0.0515625 0.0453125
0 0.1609375 0.37890625 0.0640625 0.0484375
0 0.23828125 0.3421875 0.046875 0.0421875
0 0.20625 0.290625 0.05 0.040625
0 0.19296875 0.1421875 0.0390625 0.0453125
0 0.19921875 0.18671875 0.0546875 0.040625
0 0.1625 0.16640625 0.05 0.0515625
0 0.11796875 0.1546875 0.0515625 0.0390625
0 0.2109375 0.26328125 0.05 0.040625
0 0.2078125 0.321875 0.0609375 0.05