0 0.7328125 0.434375 0.15625 0.11875
0 0.68515625 0.2390625 0.1453125 0.128125
0 0.5796875 0.1578125 0.140625 0.1140625
0 0.46875 0.19140625 0.121875 0.0984375
0 0.44609375 0.303125 0.1125 0.0953125
0 0.35078125 0.2859375 0.1140625 0.0953125
0 0.328125 0.3953125 0.115625 0.0953125
0 0.27734375 0.371875 0.0734375 0.071875
0 0.5375 0.44375 0.134375 0.11875
0 0.6140625 0.38828125 0.1296875 0.10625
0 0.75078125 0.32890625 0.1453125 0.1234375
0 0.628125 0.3140625 0.1234375 0.0875
0 0.5234375 0.328125 0.1125 0.09375
0 0.57421875 0.24609375 0.10625 0.1
0 0.8109375 0.51640625 0.140625 0.1234375
0 0.71171875 0.5140625 0.1046875 0.090625
0 0.590625 0.628125 0.15625 0.13125
0 0.51796875 0.52421875 0.146875 0.10625
0 0.9625 0.446875 0.075 0.09375
0 0.94921875 0.24921875 0.1015625 0.1171875
0 0.8953125 0.125 0.125 0.103125
0 0.9796875 0.3671875 0.040625 0.09375
0 0.9453125 0.38359375 0.109375 0.0953125
0 0.96796875 0.18125 0.0640625 0.090625
0 0.85390625 0.2046875 0.1296875 0.1
0 0.7859375 0.284375 0.1109375 0.0984375
0 0.8328125 0.40546875 0.1421875 0.1203125
0 0.95546875 0.5140625 0.0890625 0.09375
0 0.66015625 0.78046875 0.1390625 0.11875
0 0.703125 0.59921875 0.1171875 0.09375
0 0.45859375 0.565625 0.1171875 0.09375
0 0.4375 0.6203125 0.13125 0.1015625
0 0.87890625 0.58125 0.1234375 0.1
0 0.80546875 0.61484375 0.1078125 0.0984375
0 0.68828125 0.675 0.1296875 0.10625
0 0.51484375 0.6734375 0.1203125 0.096875
0 0.51796875 0.6 0.059375 0.09375
0 0.54921875 0.73984375 0.1078125 0.1015625
0 0.61171875 0.7015625 0.1 0.075
0 0.47578125 0.7265625 0.0875 0.084375
0 0.57109375 0.8046875 0.103125 0.0515625
0 0.5453125 0.83203125 0.078125 0.065625
0 0.62421875 0.83828125 0.096875 0.059375
0 0.71640625 0.775 0.0625 0.0734375
0 0.43828125 0.4234375 0.125 0.1078125
0 0.72109375 0.703125 0.121875 0.0921875
0 0.45234375 0.36640625 0.121875 0.08125
0 0.440625 0.503125 0.046875 0.0421875
0 0.6296875 0.4953125 0.1078125 0.096875
0 0.61171875 0.55703125 0.0875 0.0609375
0 0.87890625 0.48984375 0.1296875 0.1
0 0.459375 0.23671875 0.1140625 0.0703125
0 0.4125 0.2484375 0.0796875 0.0515625
0 0.7484375 0.64296875 0.0578125 0.0578125
0 0.98203125 0.3 0.0359375 0.071875
0 0.92734375 0.31328125 0.121875 0.0640625
0 0.840625 0.28359375 0.0734375 0.0609375
0 0.76640625 0.2109375 0.1125 0.0765625
0 0.3875 0.35390625 0.046875 0.0484375
0 0.78125 0.14453125 0.0828125 0.0625
0 0.66015625 0.12578125 0.0875 0.0671875